# ops request [READ]
# type=script  id=limm-report-5
# code dc8864849efe85fc9d10cb40d5c69e69a2412a9d · started 2026-09-18T00:00:45Z
================================================================================================
1. COLLECTOR
================================================================================================
  last event: unsubscribed at 2026-09-17 23:56:00Z
  connected                      1
  disconnected                   1
  discovery                     36
  market_cap_reached            36
  seq_gap                       28
  snapshot_requested             3
  subscribed                     3
  thread_started                 1
  unsubscribed                 416
  last discovery 2026-09-17 23:55Z: listed=4449 liquidity=4448 volume=1 new=2 changed=0 gone=3 pool=$568056.67 errors=0
  tape (3h): book events=22874 trades=98; open shadow pairs=11099; markets snapshotted=176

================================================================================================
2. LANDSCAPE — liquidity programs by day (last 1 days)  [Q1]
================================================================================================
  day           programs  reward/day $  median $/day  median target  median hours
  2026-09-17        5871    1601867.57         29.14           1000         107.0
  2026-09-18        4448     264471.46         17.79           1000         158.7

================================================================================================
3. HEADLINE — had this run at each tier for the last 1 days  [Q3/Q7]
   net = est reward + paired P&L + single-leg MTM(5m, at bid) + settlement - fees; models side by side
================================================================================================
  observation span: 0.48 days
  policy                tiermodel              n progs    reward    paired    fees    sl_mtm    settle       net   net/day   net/cap-h  largest%
  A_break_even            25  conservative  2311   178    8.5683    0.0000  0.0000   -3.6505       n/a    4.9159   10.2346    0.000151       1.0
  A_break_even            25  optimistic    2311   178    8.3180    2.0000  0.0000   -4.0000       n/a    6.3155   13.1485    0.000194       4.2
  A_break_even            25  queue_aware   2311   178    8.5326    0.0560  0.0000   -4.3863       n/a    4.2004    8.7450    0.000129       1.5
  A_break_even            50  conservative  2309   178   17.0409    0.0000  0.0000   -7.1505       n/a    9.8895   20.5893    0.000152       1.0
  A_break_even            50  optimistic    2309   178   16.5473    4.0000  0.0000   -7.9900       n/a   12.5564   26.1416    0.000193       4.2
  A_break_even            50  queue_aware   2309   178   16.9882    0.0560  0.0000   -8.3863       n/a    8.6570   18.0233    0.000133       1.1
  A_break_even           100  conservative  2309   178   34.0267    0.0000  0.0000  -13.5033       n/a   20.5225   42.7265    0.000156       1.0
  A_break_even           100  optimistic    2309   178   33.0295    8.0800  0.0000  -16.1500       n/a   24.9586   51.9622    0.000190       4.3
  A_break_even           100  queue_aware   2309   178   33.8926    0.0560  0.0000  -16.5463       n/a   17.4014   36.2286    0.000132       1.1
  A_break_even           250  conservative  2309   178   83.0044    0.0000  0.0000  -23.6037       n/a   59.4005  123.6679    0.000181       1.3
  A_break_even           250  optimistic    2309   178   80.1780   20.1600  0.0000  -40.2900       n/a   60.0477  125.0153    0.000183       4.4
  A_break_even           250  queue_aware   2309   178   82.3323    0.0560  0.0000  -38.8886       n/a   43.4997   90.5635    0.000132       1.1
  A_break_even           500  conservative  2309   178  154.9968    0.0000  0.0000  -23.7311       n/a  131.2666  273.2884    0.000199       1.1
  A_break_even           500  optimistic    2309   178  150.2052   40.4000  0.0000  -80.7500       n/a  109.8560  228.7129    0.000167       4.8
  A_break_even           500  queue_aware   2309   178  154.1160    0.0560  0.0000  -61.0967       n/a   93.0762  193.7785    0.000141       1.0
  B_reward_efficient      25  conservative  2308   178    8.5647    0.0000  0.0000   -3.6505       n/a    4.9123   10.2271    0.000151       1.0
  B_reward_efficient      25  optimistic    2308   178    8.3144    2.0000  0.0000   -4.0000       n/a    6.3119   13.1410    0.000194       4.2
  B_reward_efficient      25  queue_aware   2308   178    8.5290    0.0560  0.0000   -4.3863       n/a    4.1968    8.7375    0.000129       1.5
  B_reward_efficient      50  conservative  2306   178   17.0120    0.0000  0.0000   -7.1505       n/a    9.8605   20.5289    0.000151       1.0
  B_reward_efficient      50  optimistic    2306   178   16.5183    4.0000  0.0000   -7.9900       n/a   12.5274   26.0812    0.000192       4.2
  B_reward_efficient      50  queue_aware   2306   178   16.9593    0.0560  0.0000   -8.3863       n/a    8.6280   17.9629    0.000133       1.1
  B_reward_efficient     100  conservative  2306   178   33.9690    0.0000  0.0000  -13.5033       n/a   20.4648   42.6064    0.000156       1.0
  B_reward_efficient     100  optimistic    2306   178   32.9718    8.0800  0.0000  -16.1500       n/a   24.9009   51.8420    0.000189       4.3
  B_reward_efficient     100  queue_aware   2306   178   33.8349    0.0560  0.0000  -16.5463       n/a   17.3437   36.1084    0.000132       1.1
  B_reward_efficient     250  conservative  2306   178   82.8660    0.0000  0.0000  -23.6037       n/a   59.2621  123.3798    0.000181       1.3
  B_reward_efficient     250  optimistic    2306   178   80.0397   20.1600  0.0000  -40.2900       n/a   59.9093  124.7272    0.000183       4.4
  B_reward_efficient     250  queue_aware   2306   178   82.1939    0.0560  0.0000  -38.8886       n/a   43.3613   90.2754    0.000132       1.1
  B_reward_efficient     500  conservative  2306   178  154.7364    0.0000  0.0000  -23.7311       n/a  131.0062  272.7462    0.000199       1.1
  B_reward_efficient     500  optimistic    2306   178  149.9449   40.4000  0.0000  -80.7500       n/a  109.5956  228.1708    0.000167       4.8
  B_reward_efficient     500  queue_aware   2306   178  153.8556    0.0560  0.0000  -61.0967       n/a   92.8158  193.2363    0.000141       1.0
  C_conservative          25  conservative  2307   178    4.4301    0.0000  0.0000   -1.0000       n/a    3.4314    7.1439    0.000108       0.8
  C_conservative          25  optimistic    2307   178    4.4272    0.0000  0.0000   -1.0000       n/a    3.4285    7.1379    0.000107       7.3
  C_conservative          25  queue_aware   2307   178    4.4294    0.0000  0.0000   -1.0000       n/a    3.4306    7.1423    0.000108       7.3
  C_conservative          50  conservative  2307   178    9.0147    0.0000  0.0000   -1.9501       n/a    7.0662   14.7114    0.000109       1.0
  C_conservative          50  optimistic    2307   178    9.0087    0.0000  0.0000   -2.0400       n/a    6.9705   14.5121    0.000107       7.3
  C_conservative          50  queue_aware   2307   178    9.0135    0.0000  0.0000   -1.8492       n/a    7.1658   14.9187    0.000110       7.1
  C_conservative         100  conservative  2306   178   18.1500    0.0000  0.0000   -3.4501       n/a   14.6997   30.6038    0.000112       0.9
  C_conservative         100  optimistic    2306   178   18.1379    0.0000  0.0000   -4.1200       n/a   14.0176   29.1837    0.000107       7.4
  C_conservative         100  queue_aware   2306   178   18.1490    0.0000  0.0000   -3.6672       n/a   14.4815   30.1495    0.000110       7.1
  C_conservative         250  conservative  2306   178   44.1669    0.0000  0.0000   -4.2791       n/a   39.8892   83.0467    0.000122       0.6
  C_conservative         250  optimistic    2306   178   44.1352    0.0000  0.0000  -10.2800       n/a   33.8564   70.4868    0.000103       7.6
  C_conservative         250  queue_aware   2306   178   44.1644    0.0000  0.0000   -6.9243       n/a   37.2414   77.5341    0.000114       6.9
  C_conservative         500  conservative  2306   178   84.4375    0.0000  0.0000   -4.2791       n/a   80.1578  166.8832    0.000122       0.6
  C_conservative         500  optimistic    2306   178   84.3793    0.0000  0.0000  -20.6000       n/a   63.7787  132.7830    0.000097       8.1
  C_conservative         500  queue_aware   2306   178   84.4335    0.0000  0.0000   -4.3580       n/a   80.0749  166.7106    0.000122       6.5

================================================================================================
4. FILLS — outcome mix, P(both | one), lag, single-leg marks (last 1 days)  [Q4/Q5]
================================================================================================
  optimistic    mix: both_filled=80, neither_filled=33676, no_only=555, yes_only=300 | P(both|one)=0.086 n=935 | lag mean=480.0s median=434.6s
  conservative  mix: neither_filled=34456, no_only=54, partial_no=66, partial_yes=21, yes_only=14 | P(both|one)=0.000 n=155 | lag mean=n/as median=n/as
  queue_aware   mix: neither_filled=34366, no_only=109, partial_both=10, partial_no=66, partial_yes=29, yes_only=31 | P(both|one)=0.000 n=245 | lag mean=16.7s median=16.7s
  model          horizon s      n  mean@bid $ worst@bid $  mean@mid $
  conservative           1    175     -1.2146    -20.0000     -0.6000
  conservative           5    175     -1.2165    -20.0000     -0.6009
  conservative          30    175     -0.6341     -4.0000     -0.3813
  conservative          60    175     -0.6719     -4.0000     -0.4000
  conservative         300    175     -0.7121     -4.0000     -0.4623
  optimistic             1   1110     -0.4460    -50.5000      0.7580
  optimistic             5   1110     -0.4714    -50.5000      0.7075
  optimistic            30   1110     -0.3060    -15.1500      0.7456
  optimistic            60   1110     -0.2357    -15.1500      0.7443
  optimistic           300   1110     -0.2415    -15.1500      0.7140
  queue_aware            1    275     -0.9222    -50.5000     -0.3014
  queue_aware            5    275     -0.9415    -50.5000     -0.3110
  queue_aware           30    275     -0.2925     -5.0500      0.0008
  queue_aware           60    275     -0.2908     -5.0500      0.0079
  queue_aware          300    275     -0.3842     -5.0500     -0.0581
  single-leg outcomes by competing depth at placement (conservative)  [Q6]
    deep           n=145    mean single-leg MTM=-1.0913  mean est reward=0.0661
    medium         n=10     mean single-leg MTM=0.0000  mean est reward=0.0572

================================================================================================
5. RANKING — active programs, policy=A_break_even tier=$100, conservative outcomes over 3h  [Q2/Q6]
   read-only. Components printed beside the state; no state submits anything.
================================================================================================
  ticker                              rwd/d target  disc ybid nbid   ydep   ndep both       quote    cap$  edge  share   rew/d  pair/d    sl/d  fee/d   net/d    n  state
  KXGREENWOODCONF-26SEP14-MAR01       55.18   1000  5000   78   21  13866  26217    Y   78/21x101   99.99   1.0  0.256 14.1435  0.0000  0.0000 0.0000 14.1332    0  SHADOW
  KXMLBSEASONGAMES-27-1930           500.00   1000  5000   65   34  13650  19421    Y   65/34x101   99.99   1.0  0.023  5.8222  0.0000  0.0000 0.0000  5.8119    4  SHADOW
  KXMLBSEASONGAMES-27-600            500.00   1000  5000   82   17  36364  22797    Y   82/17x101   99.99   1.0  0.014  5.0881  0.0000  0.0000 0.0000  5.0779    7  WATCH(share)
  KXBAA-28JANDELIV-640                35.71   1000  5000   51   48  44902  27015    Y   51/48x101   99.99   1.0  0.064  4.3908  0.0000  0.0000 0.0000  4.3805    3  SHADOW
  KXMLBSEASONGAMES-27-2425           500.00   1000  5000   47   52  14732  28814    Y   47/52x101   99.99   1.0  0.015  3.8311  0.0000  0.0000 0.0000  3.8208    7  WATCH(share)
  KXPJMEMERGENCY-26DEC31-T15          35.71   1000  5000   39   60   6782   6689    Y   39/60x101   99.99   1.0  0.099  3.0873  0.0000  0.0000 0.0000  3.0770    2  SHADOW
  KXNFLSELLOUT-27BUF-Y                35.71   1000  5000   81   17   4964   7478    Y   81/17x102   99.96   2.0  0.041  3.0244  0.0000  0.0000 0.0000  3.0141    3  SHADOW
  KXMLBSEASONGAMES-27-1215           500.00   1000  5000   78   21  26676  32288    Y   78/21x101   99.99   1.0  0.006  2.9674  0.0000  0.0000 0.0000  2.9572    3  WATCH(share)
  KXBAA-28JANDELIV-600                35.71   1000  5000   90    9  39727  12887    Y    90/9x101   99.99   1.0  0.019  2.7429  0.0000  0.0000 0.0000  2.7326    5  WATCH(share)
  KXBAA-28JANDELIV-620                35.71   1000  5000   78   21  40659  37236    Y   78/21x101   99.99   1.0  0.022  2.2606  0.0000  0.0000 0.0000  2.2503   31  SHADOW
  KXMLBSEASONGAMES-27-0              500.00   1000  5000   18   81  25615  40033    Y   18/81x101   99.99   1.0  0.007  2.2206  0.0000  0.0000 0.0000  2.2103    2  WATCH(share)
  KXEPARODENT-26SEP-27JUL01           67.76   1000  5000   49   50  28670  34972    Y   49/50x101   99.99   1.0  0.029  1.9841  0.0000  0.0000 0.0000  1.9739    2  SHADOW
  KXWATECHEMP-27FEB28-T260000         35.71   1000  5000   55   44  41997  35915    Y   55/44x101   99.99   1.0  0.053  1.8812  0.0000  0.0000 0.0000  1.8709    2  SHADOW
  KXMLBTEAMSALE-27JANLAD-Y            35.71   1000  5000    9   90   5423  25910    Y    9/90x101   99.99   1.0  0.035  1.7355  0.0000  0.0000 0.0000  1.7252   13  SHADOW
  KXGREENWOODCONF-26SEP14-JUN01       55.18   1000  5000   78   21  16806  15480    Y   78/21x101   99.99   1.0  0.026  1.4402  0.0000  0.0000 0.0000  1.4299    0  SHADOW
  KXCITYCHAMPS-MIA30JUL01HDMP-1       35.71   1000  5000   44   55  29874  25237    Y   44/55x101   99.99   1.0  0.034  1.4383  0.0000  0.0000 0.0000  1.4280    6  SHADOW
  KXEOWEEK-26SEP12-2                  15.94    300  5000    1   98   1324   3758    Y    1/98x101   99.99   1.0  0.088  1.3956  0.0000  0.0000 0.0000  1.3853    0  SHADOW
  KXNJONTIME-26NOV30-T90              35.71   1000  5000   16   83  12673   5503    Y   16/83x101   99.99   1.0  0.035  1.2666  0.0000  0.0000 0.0000  1.2564    3  SHADOW
  KXWATECHEMP-27FEB28-T255000         35.71   1000  5000   79   20   8140   5837    Y   79/20x101   99.99   1.0  0.035  1.2603  0.0000  0.0000 0.0000  1.2500    2  SHADOW
  KXBAA-28JANDELIV-660                35.71   1000  5000   14   85  12992  13316    Y   14/85x101   99.99   1.0  0.030  1.2591  0.0000  0.0000 0.0000  1.2489    9  SHADOW
  KXIREREFCALL-30JAN01-YES            54.85   1000  5000   23   76  33086  36364    Y   23/76x101   99.99   1.0  0.023  1.2409  0.0000  0.0000 0.0000  1.2306    0  SHADOW
  KXMLBPLAYOFFS-26-HOU                35.71   1000  5000   67   32 852495   6986    Y   67/32x101   99.99   1.0  0.064  1.2254  0.0000  0.0000 0.0000  1.2151   13  SHADOW
  KXBWAYATTENDANCE-27MAY23B-14700000  35.71   1000  5000   31   68  36932  30987    Y   31/68x101   99.99   1.0  0.033  1.1908  0.0000  0.0000 0.0000  1.1805    3  SHADOW
  KXNJPHARMAEMP-27APR30-T30300        35.71   1000  5000    8   91   9483   6698    Y    8/91x101   99.99   1.0  0.032  1.1295  0.0000  0.0000 0.0000  1.1192    2  SHADOW
  KXNIREFCALL-30JAN01-YES             54.85   1000  5000   23   76  40312  38401    Y   23/76x101   99.99   1.0  0.019  1.0595  0.0000  0.0000 0.0000  1.0492    0  WATCH(share)
  KXBRRATECUT-27JAN01-E5              21.43   1000  5000   32   67   4774  20469    Y   32/67x101   99.99   1.0  0.049  1.0528  0.0000  0.0000 0.0000  1.0425    0  SHADOW
  KXNETFLIXSTUDIO-PHASE1B-28DEC21     35.71   1000  5000   73   26   6433  12356    Y   73/26x101   99.99   1.0  0.029  1.0489  0.0000  0.0000 0.0000  1.0387    2  SHADOW
  KXBWAYATTENDANCE-27MAY23B-14000000  35.71   1000  5000   79   20  34546  21119    Y   79/20x101   99.99   1.0  0.029  1.0373  0.0000  0.0000 0.0000  1.0271    3  SHADOW
  KXNFLSTADIUM-28SEP01EVERBRENO-Y     35.71   1000  5000   42   56  31685  27607    Y   42/56x102   99.96   2.0  0.026  1.0348  0.0000  0.0000 0.0000  1.0245    2  SHADOW
  KXPAMFGEMP-27APR30-T545000          35.71   1000  5000   92    7  80456   5491    Y    92/7x101   99.99   1.0  0.031  1.0230  0.0000  0.0000 0.0000  1.0128    6  SHADOW
  KXWAAEROEMP-27APR30-T85000          35.71   1000  5000   48   51  31467  31989    Y   48/51x101   99.99   1.0  0.028  1.0180  0.0000  0.0000 0.0000  1.0077    2  SHADOW
  KXBWAYATTENDANCE-27MAY23B-14500000  35.71   1000  5000   48   51  33315  31220    Y   48/51x101   99.99   1.0  0.028  1.0115  0.0000  0.0000 0.0000  1.0013    2  SHADOW
  KXMLBPLAYOFFS-26-TEX                35.71   1000  5000   48   51 495523 762274    Y   48/51x101   99.99   1.0  0.061  0.9994  0.0000  0.0000 0.0000  0.9892    2  SHADOW
  KXWAAEROEMP-27APR30-T84000          35.71   1000  5000   66   33   9091   7942    Y   66/33x101   99.99   1.0  0.028  0.9964  0.0000  0.0000 0.0000  0.9862    2  SHADOW
  KXBWAYATTENDANCE-27MAY23B-14250000  35.71   1000  5000   69   30   8937   9541    Y   69/30x101   99.99   1.0  0.027  0.9805  0.0000  0.0000 0.0000  0.9702    3  SHADOW
  KXWATECHEMP-27FEB28-T265000         35.71   1000  5000   18   81  39933  32095    Y   18/81x101   99.99   1.0  0.027  0.9708  0.0000  0.0000 0.0000  0.9606    2  SHADOW
  KXCAHPIYOY-27FEB23-T419.85          35.71   1000  5000   19   80  18564   8164    Y   19/80x101   99.99   1.0  0.026  0.9113  0.0000  0.0000 0.0000  0.9011    2  SHADOW
  KXWALESREFCALL-30JAN01-YES          54.85   1000  5000   17   82  15642  34577    Y   17/82x101   99.99   1.0  0.016  0.8977  0.0000  0.0000 0.0000  0.8874    0  WATCH(share)
  KXCAFAIRPLAN-26NOV16-T710000        35.71   1000  5000   29   70  16224   7574    Y   29/70x101   99.99   1.0  0.025  0.8870  0.0000  0.0000 0.0000  0.8767    2  SHADOW
  KXWALLSTBONUS-27MAR31-T300000       35.71   1000  5000   18   81  36948  32719    Y   18/81x101   99.99   1.0  0.025  0.8840  0.0000  0.0000 0.0000  0.8738    2  SHADOW
  KXILNUCLEAR-27FEB28-T97.5           35.71   1000  5000   43   56  32636  42173    Y   43/56x101   99.99   1.0  0.025  0.8806  0.0000  0.0000 0.0000  0.8704    2  SHADOW
  KXPADATACENTERS-26DEC31-T195        35.71   1000  5000   43   56   8378   9220    Y   43/56x101   99.99   1.0  0.025  0.8783  0.0000  0.0000 0.0000  0.8680    2  SHADOW
  KXBRRATECUT-27JAN01-E6              21.43   1000  5000   31   68   9810  16223    Y   31/68x101   99.99   1.0  0.041  0.8679  0.0000  0.0000 0.0000  0.8576    0  SHADOW
  KXWAAEROEMP-27APR30-T83000          35.71   1000  5000   81   18  32845  17288    Y   81/18x101   99.99   1.0  0.024  0.8674  0.0000  0.0000 0.0000  0.8571    2  SHADOW
  KXNYNJPORTTEU-27FEB28-T8.7          35.71   1000  5000   71   28  31446  28233    Y   71/28x101   99.99   1.0  0.024  0.8645  0.0000  0.0000 0.0000  0.8543    2  SHADOW
  KXPAMFGEMP-27APR30-T555000          35.71   1000  5000   58   41  35355  28234    Y   58/41x101   99.99   1.0  0.024  0.8616  0.0000  0.0000 0.0000  0.8514    2  SHADOW
  KXBWAYATTENDANCE-27MAY23B-14600000  35.71   1000  5000   37   62  34448  31076    Y   37/62x101   99.99   1.0  0.027  0.8591  0.0000  0.0000 0.0000  0.8488   10  SHADOW
  KXBWAYATTENDANCE-27MAY23B-13750000  35.71   1000  5000   83   16  29033   9841    Y   83/16x101   99.99   1.0  0.024  0.8434  0.0000  0.0000 0.0000  0.8332    3  SHADOW
  KXBWAYATTENDANCE-27MAY23B-14800000  35.71   1000  5000   18   81  35811  32164    Y   18/81x101   99.99   1.0  0.023  0.8090  0.0000  0.0000 0.0000  0.7988    7  SHADOW
  KXBRRATECUT-27JAN01-T7              21.43   1000  5000   33   66  11132  14046    Y   33/66x101   99.99   1.0  0.038  0.8049  0.0000  0.0000 0.0000  0.7946    0  SHADOW
  KXNETFLIXSTUDIO-PHASE1A-27SEP23     35.71   1000  5000   78   21   7511  11832    Y   78/21x101   99.99   1.0  0.022  0.7973  0.0000  0.0000 0.0000  0.7870    2  SHADOW
  KXPADATACENTERS-26DEC31-T190        35.71   1000  5000   53   46   9459  12170    Y   53/46x101   99.99   1.0  0.022  0.7835  0.0000  0.0000 0.0000  0.7732    3  SHADOW
  KXBAA-28JANDELIV-580                35.71   1000  5000   94    5  46825  43108    Y    94/5x101   99.99   1.0  0.010  0.7666  0.0000  0.0000 0.0000  0.7564   12  WATCH(share)
  KXNYCASKRENT-27JAN31-T3900          35.71   1000  5000   75   24  14192   7462    Y   75/24x101   99.99   1.0  0.021  0.7465  0.0000  0.0000 0.0000  0.7363    2  SHADOW
  KXPADATACENTERS-26DEC31-T200        35.71   1000  5000   37   62  12043   9032    Y   37/62x101   99.99   1.0  0.022  0.7208  0.0000  0.0000 0.0000  0.7106   10  SHADOW
  KXMANOFFVAC-27JAN31-T18.0           35.71   1000  5000   51   48  13539   7869    Y   51/48x101   99.99   1.0  0.020  0.7183  0.0000  0.0000 0.0000  0.7080    2  SHADOW
  KXNYCASKRENT-27JAN31-T4000          35.71   1000  5000   41   58  11646  15018    Y   41/58x101   99.99   1.0  0.020  0.7104  0.0000  0.0000 0.0000  0.7001    3  WATCH(share)
  KXFLVISITORCOUNT-27FEB26-T142       35.71   1000  5000   54   45  13516  11658    Y   54/45x101   99.99   1.0  0.020  0.7068  0.0000  0.0000 0.0000  0.6965    2  WATCH(share)
  KXLOCALLAW-ILPOWER-27MAY01          35.71   1000  5000   70   29  32587  34094    Y   70/29x101   99.99   1.0  0.020  0.6958  0.0000  0.0000 0.0000  0.6856    6  WATCH(share)
  KXCAHSR-26AUG-27JAN01               35.71   1000  5000   60   39  35018  32315    Y   60/39x101   99.99   1.0  0.020  0.6949  0.0000  0.0000 0.0000  0.6846    3  SHADOW
  KXTXOIL-27MAR31-T5.8                35.71   1000  5000   42   57  36903  32177    Y   42/57x101   99.99   1.0  0.019  0.6937  0.0000  0.0000 0.0000  0.6834    3  WATCH(share)
  KXNYNJPORTTEU-27FEB28-T8.9          35.71   1000  5000   36   63  18211   9104    Y   36/63x101   99.99   1.0  0.019  0.6812  0.0000  0.0000 0.0000  0.6709    2  WATCH(share)
  KXCITYCHAMPS-MIA30JUL01HDMP-2       35.71   1000  5000   11   84  12605  32770    Y   11/84x105   99.75   5.0  0.020  0.6714  0.0000  0.0000 0.0000  0.6611    8  WATCH(share)
  KXPAGAS-27FEB26-T7.675792           35.71   1000  5000   62   37  11663   9599    Y   62/37x101   99.99   1.0  0.018  0.6425  0.0000  0.0000 0.0000  0.6322    3  WATCH(share)
  KXBWAYATTENDANCE-27MAY23B-13500000  35.71   1000  5000   89   10  34058  13376    Y   89/10x101   99.99   1.0  0.018  0.6420  0.0000  0.0000 0.0000  0.6317    3  WATCH(share)
  KXILNUCLEAR-27FEB28-T95.0           35.71   1000  5000   85   14  12687  11958    Y   85/14x101   99.99   1.0  0.018  0.6302  0.0000  0.0000 0.0000  0.6199    2  WATCH(share)
  KXPADATACENTERS-26DEC31-T185        35.71   1000  5000   66   33  32658  33392    Y   66/33x101   99.99   1.0  0.018  0.6237  0.0000  0.0000 0.0000  0.6135    5  WATCH(share)
  KXWALLSTBONUS-27MAR31-T275000       35.71   1000  5000   44   55  36118  34788    Y   44/55x101   99.99   1.0  0.017  0.6005  0.0000  0.0000 0.0000  0.5903    3  WATCH(share)
  KXPADATACENTERS-26DEC31-T205        35.71   1000  5000   27   72  11068  12549    Y   27/72x101   99.99   1.0  0.018  0.5903  0.0000  0.0000 0.0000  0.5800    6  WATCH(share)
  KXNYNJPORTTEU-27FEB28-T9.1          35.71   1000  5000   12   87  15657  29816    Y   12/87x101   99.99   1.0  0.016  0.5854  0.0000  0.0000 0.0000  0.5751    2  WATCH(share)
  KXPAMFGEMP-27APR30-T560000          35.71   1000  5000   15   84  13486  35724    Y   15/84x101   99.99   1.0  0.016  0.5846  0.0000  0.0000 0.0000  0.5744    3  WATCH(share)
  KXNYNJPORTTEU-27FEB28-T8.8          35.71   1000  5000   61   38   9570  18921    Y   61/38x101   99.99   1.0  0.016  0.5670  0.0000  0.0000 0.0000  0.5567    2  WATCH(share)
  KXPADATACENTERS-26DEC31-T180        35.71   1000  5000   76   23  38102  43607    Y   76/23x101   99.99   1.0  0.016  0.5639  0.0000  0.0000 0.0000  0.5536    2  WATCH(share)
  KXCITYCHAMPS-CHI30JUL01BBCWB-1      35.71   1000  5000   54   43  46239  34932    Y   54/43x103   99.91   3.0  0.016  0.5594  0.0000  0.0000 0.0000  0.5492   14  WATCH(share)
  KXCABUILDPERMITS-27JAN27-T115000    35.71   1000  5000   24   75  11785  13473    Y   24/75x101   99.99   1.0  0.016  0.5534  0.0000  0.0000 0.0000  0.5432    4  WATCH(share)
  KXWATECHEMP-27FEB28-T245000         35.71   1000  5000   95    4  41688   5736    Y    95/4x101   99.99   1.0  0.013  0.5524  0.0000  0.0000 0.0000  0.5422    2  WATCH(share)
  KXFLVISITORCOUNT-27FEB26-T144       35.71   1000  5000   17   82  11198  14383    Y   17/82x101   99.99   1.0  0.015  0.5476  0.0000  0.0000 0.0000  0.5373    2  WATCH(share)
  KXBAA-28JANDELIV-680                35.71   1000  5000    2   95  57842  17644    Y    2/95x103   99.91   3.0  0.015  0.5449  0.0000  0.0000 0.0000  0.5346   13  WATCH(share)
  KXWATECHEMP-27FEB28-T250000         35.71   1000  5000   89   10  31984   7111    Y   89/10x101   99.99   1.0  0.015  0.5413  0.0000  0.0000 0.0000  0.5311    2  WATCH(share)
  KXWAAEROEMP-27APR30-T86000          35.71   1000  5000   27   72  26393  41814    Y   27/72x101   99.99   1.0  0.015  0.5404  0.0000  0.0000 0.0000  0.5301    2  WATCH(share)
  ... 4344 more
