# ops request [READ]
# type=script  id=limm-report-3
# code 91cf32ddcee75aa22d330158e4c7249108d3693d · started 2026-09-17T16:54:27Z
================================================================================================
1. COLLECTOR
================================================================================================
  last event: subscribed at 2026-09-17 16:52:38Z
  connected                      3
  disconnected                   3
  discovery                     38
  market_cap_reached            38
  seq_gap                       17
  snapshot_requested             5
  subscribed                     9
  thread_started                 2
  unsubscribed                 233
  last discovery 2026-09-17 16:52Z: listed=4250 liquidity=4249 volume=1 new=0 changed=0 gone=3 pool=$553931.67 errors=0
  tape (3h): book events=18317 trades=47; open shadow pairs=9695; markets snapshotted=177

================================================================================================
2. LANDSCAPE — liquidity programs by day (last 1 days)  [Q1]
================================================================================================
  day           programs  reward/day $  median $/day  median target  median hours
  2026-09-16           0          0.00           n/a            n/a           n/a
  2026-09-17        4884     750569.54         19.05           1000         136.0

================================================================================================
3. HEADLINE — had this run at each tier for the last 1 days  [Q3/Q7]
   net = est reward + paired P&L + single-leg MTM(5m, at bid) + settlement - fees; models side by side
================================================================================================
  observation span: 0.18 days
  policy                tiermodel              n progs    reward    paired    fees    sl_mtm    settle       net   net/day   net/cap-h  largest%
  A_break_even            25  conservative   733   167    2.7643    0.0000  0.0000   -1.5000       n/a    1.2637    6.8576    0.000123       2.6
  A_break_even            25  optimistic     733   167    2.7165    0.0000  0.0000   -1.2500       n/a    1.4656    7.9532    0.000142      17.6
  A_break_even            25  queue_aware    733   167    2.7571    0.0000  0.0000   -1.3262       n/a    1.4303    7.7617    0.000139       2.3
  A_break_even            50  conservative   731   167    5.5142    0.0000  0.0000   -3.0000       n/a    2.5131   13.6376    0.000122       2.5
  A_break_even            50  optimistic     731   167    5.4197    0.0000  0.0000   -2.4900       n/a    2.9288   15.8934    0.000142      18.0
  A_break_even            50  queue_aware    731   167    5.5002    0.0000  0.0000   -2.5762       n/a    2.9229   15.8614    0.000142       2.2
  A_break_even           100  conservative   731   167   11.0168    0.0000  0.0000   -6.0400       n/a    4.9763   27.0043    0.000120       2.5
  A_break_even           100  optimistic     731   167   10.8197    0.0000  0.0000   -5.0400       n/a    5.7791   31.3608    0.000139      18.2
  A_break_even           100  queue_aware    731   167   10.9786    0.0000  0.0000   -5.1262       n/a    5.8518   31.7553    0.000141       2.1
  A_break_even           250  conservative   731   167   27.3746    0.0000  0.0000   -9.8905       n/a   17.4844   94.8807    0.000168       1.7
  A_break_even           250  optimistic     731   167   26.6484    0.0000  0.0000  -12.5700       n/a   14.0792   76.4021    0.000136      18.7
  A_break_even           250  queue_aware    731   167   27.0237    0.0000  0.0000  -12.6762       n/a   14.3480   77.8607    0.000138       2.0
  A_break_even           500  conservative   731   167   51.5136    0.0000  0.0000   -9.8905       n/a   41.6227  225.8693    0.000200       1.4
  A_break_even           500  optimistic     731   167   50.3611    0.0000  0.0000  -25.2000       n/a   25.1607  136.5368    0.000121      20.8
  A_break_even           500  queue_aware    731   167   51.1984    0.0000  0.0000  -24.4985       n/a   26.6994  144.8867    0.000128       2.1
  B_reward_efficient      25  conservative   730   167    2.7608    0.0000  0.0000   -1.5000       n/a    1.2601    6.8380    0.000122       2.6
  B_reward_efficient      25  optimistic     730   167    2.7129    0.0000  0.0000   -1.2500       n/a    1.4620    7.9337    0.000142      17.7
  B_reward_efficient      25  queue_aware    730   167    2.7536    0.0000  0.0000   -1.3262       n/a    1.4267    7.7421    0.000139       2.3
  B_reward_efficient      50  conservative   729   167    5.4960    0.0000  0.0000   -3.0000       n/a    2.4948   13.5383    0.000121       2.5
  B_reward_efficient      50  optimistic     729   167    5.4015    0.0000  0.0000   -2.4900       n/a    2.9105   15.7941    0.000142      18.1
  B_reward_efficient      50  queue_aware    729   167    5.4819    0.0000  0.0000   -2.5762       n/a    2.9046   15.7621    0.000141       2.2
  B_reward_efficient     100  conservative   729   167   10.9805    0.0000  0.0000   -6.0400       n/a    4.9399   26.8068    0.000119       2.5
  B_reward_efficient     100  optimistic     729   167   10.7833    0.0000  0.0000   -5.0400       n/a    5.7427   31.1633    0.000138      18.3
  B_reward_efficient     100  queue_aware    729   167   10.9423    0.0000  0.0000   -5.1262       n/a    5.8154   31.5578    0.000140       2.1
  B_reward_efficient     250  conservative   729   167   27.2873    0.0000  0.0000   -9.8905       n/a   17.3971   94.4069    0.000168       1.7
  B_reward_efficient     250  optimistic     729   167   26.5611    0.0000  0.0000  -12.5700       n/a   13.9919   75.9283    0.000135      18.8
  B_reward_efficient     250  queue_aware    729   167   26.9364    0.0000  0.0000  -12.6762       n/a   14.2607   77.3870    0.000138       2.0
  B_reward_efficient     500  conservative   729   167   51.3492    0.0000  0.0000   -9.8905       n/a   41.4582  224.9767    0.000200       1.4
  B_reward_efficient     500  optimistic     729   167   50.1967    0.0000  0.0000  -25.2000       n/a   24.9962  135.6441    0.000120      21.0
  B_reward_efficient     500  queue_aware    729   167   51.0339    0.0000  0.0000  -24.4985       n/a   26.5349  143.9940    0.000128       2.2
  C_conservative          25  conservative   729   167    1.4448    0.0000  0.0000   -0.5000       n/a    0.9462    5.1346    0.000094       2.8
  C_conservative          25  optimistic     729   167    1.4444    0.0000  0.0000   -0.7500       n/a    0.6959    3.7764    0.000069       3.9
  C_conservative          25  queue_aware    729   167    1.4447    0.0000  0.0000   -0.7500       n/a    0.6961    3.7774    0.000069       3.9
  C_conservative          50  conservative   729   167    2.9645    0.0000  0.0000   -1.0200       n/a    1.9452   10.5558    0.000095       3.6
  C_conservative          50  optimistic     729   167    2.9638    0.0000  0.0000   -1.5300       n/a    1.4345    7.7844    0.000070       4.8
  C_conservative          50  queue_aware    729   167    2.9644    0.0000  0.0000   -1.5300       n/a    1.4350    7.7872    0.000070       4.8
  C_conservative         100  conservative   728   167    5.9436    0.0000  0.0000   -2.0000       n/a    3.9434   21.3992    0.000095       3.2
  C_conservative         100  optimistic     728   167    5.9417    0.0000  0.0000   -3.0900       n/a    2.8516   15.4745    0.000069       4.4
  C_conservative         100  queue_aware    728   167    5.9434    0.0000  0.0000   -3.0600       n/a    2.8832   15.6459    0.000070       4.3
  C_conservative         250  conservative   728   167   14.4368    0.0000  0.0000   -2.0000       n/a   12.4380   67.4959    0.000120       1.9
  C_conservative         250  optimistic     728   167   14.4319    0.0000  0.0000   -7.7100       n/a    6.7231   36.4835    0.000065       3.5
  C_conservative         250  queue_aware    728   167   14.4368    0.0000  0.0000   -4.9270       n/a    9.5110   51.6123    0.000092       2.5
  C_conservative         500  conservative   728   167   27.8214    0.0000  0.0000   -2.0000       n/a   25.8216  140.1232    0.000125       1.3
  C_conservative         500  optimistic     728   167   27.8126    0.0000  0.0000  -15.4500       n/a   12.3628   67.0879    0.000060       2.8
  C_conservative         500  queue_aware    728   167   27.8214    0.0000  0.0000   -4.9270       n/a   22.8946  124.2396    0.000111       1.5

================================================================================================
4. FILLS — outcome mix, P(both | one), lag, single-leg marks (last 1 days)  [Q4/Q5]
================================================================================================
  optimistic    mix: neither_filled=10680, no_only=180, yes_only=85 | P(both|one)=0.000 n=265 | lag mean=n/as median=n/as
  conservative  mix: neither_filled=10910, no_only=10, partial_no=10, partial_yes=7, yes_only=8 | P(both|one)=0.000 n=35 | lag mean=n/as median=n/as
  queue_aware   mix: neither_filled=10895, no_only=20, partial_no=5, partial_yes=12, yes_only=13 | P(both|one)=0.000 n=50 | lag mean=n/as median=n/as
  model          horizon s      n  mean@bid $ worst@bid $  mean@mid $
  conservative           1     35     -4.5589    -20.0000     -2.2257
  conservative           5     35     -4.5589    -20.0000     -2.2257
  conservative          30     35     -1.5967     -2.8905     -1.0601
  conservative          60     35     -1.5967     -2.8905     -1.0601
  conservative         300     35     -1.5967     -2.8905     -1.0601
  optimistic             1    300     -1.0281    -50.5000      0.3272
  optimistic             5    300     -1.0281    -50.5000      0.3272
  optimistic            30    300     -0.4683    -15.1500      0.5132
  optimistic            60    300     -0.4054    -15.1500      0.5447
  optimistic           300    300     -0.4505    -15.1500      0.5015
  queue_aware            1     50     -4.2082    -50.5000     -2.0300
  queue_aware            5     50     -4.2082    -50.5000     -2.0300
  queue_aware           30     50     -0.8494     -5.0500     -0.4400
  queue_aware           60     50     -0.8494     -5.0500     -0.4400
  queue_aware          300     50     -0.8494     -5.0500     -0.4400
  single-leg outcomes by competing depth at placement (conservative)  [Q6]
    deep           n=35     mean single-leg MTM=-1.9475  mean est reward=0.1109

================================================================================================
5. RANKING — active programs, policy=A_break_even tier=$100, conservative outcomes over 3h  [Q2/Q6]
   read-only. Components printed beside the state; no state submits anything.
================================================================================================
  ticker                              rwd/d target  disc ybid nbid   ydep   ndep both       quote    cap$  edge  share   rew/d  pair/d    sl/d  fee/d   net/d    n  state
  KXMLBTEAMSALE-27JANLAD-Y            35.71   1000  5000    9   90   4377  27768    Y    9/90x101   99.99   1.0  0.085  2.9161  0.0000  0.0000 0.0000  2.9058    1  SHADOW
  KXMLBSEASONGAMES-27-1930           500.00   1000  5000   65   34  31014  35619    Y   65/34x101   99.99   1.0  0.005  2.7132  0.0000  0.0000 0.0000  2.7029    4  WATCH(share)
  KXMLBSEASONGAMES-27-1215           500.00   1000  5000   78   21  33712  40244    Y   78/21x101   99.99   1.0  0.005  2.4748  0.0000  0.0000 0.0000  2.4645    4  WATCH(share)
  KXMLBSEASONGAMES-27-600            500.00   1000  5000   81   18  42051  50858    Y   81/18x101   99.99   1.0  0.004  2.3202  0.0000  0.0000 0.0000  2.3099    9  WATCH(share)
  KXEPARODENT-26SEP-27JUL01           67.76   1000  5000   49   50  39194  34354    Y   49/50x101   99.99   1.0  0.031  2.0695  0.0000  0.0000 0.0000  2.0593    4  SHADOW
  KXMLBSEASONGAMES-27-2425           500.00   1000  5000   47   52  31760  45637    Y   47/52x101   99.99   1.0  0.004  2.0151  0.0000  0.0000 0.0000  2.0049    9  WATCH(share)
  KXWATECHEMP-27FEB28-T260000         35.71   1000  5000   55   44  42099  37125    Y   55/44x101   99.99   1.0  0.052  1.9950  0.0000  0.0000 0.0000  1.9848    2  SHADOW
  KXMLBPLAYOFFS-26-HOU                35.71   1000  5000   67   32 857595  22725    Y   67/32x101   99.99   1.0  0.021  1.8568  0.0000  0.0000 0.0000  1.8465    4  SHADOW
  KXNFLSELLOUT-27BUF-Y                35.71   1000  5000   81   17   5417   8731    Y   81/17x102   99.96   2.0  0.058  1.7863  0.0000  0.0000 0.0000  1.7760    5  SHADOW
  KXBAA-28JANDELIV-640                35.71   1000  5000   54   45  47346  32954    Y   54/45x101   99.99   1.0  0.046  1.6499  0.0000  0.0000 0.0000  1.6396    0  SHADOW
  KXRAINDNYC-260919-0                 59.63   1000  5000    6   93  15456  28577    Y    6/93x101   99.99   1.0  0.046  1.5852  0.0000  0.0000 0.0000  1.5750    9  SHADOW
  KXBAA-28JANDELIV-660                35.71   1000  5000   14   85  13345  17065    Y   14/85x101   99.99   1.0  0.045  1.5536  0.0000  0.0000 0.0000  1.5433    5  SHADOW
  KXMLBSEASONGAMES-27-0              500.00   1000  5000   18   81  46962  62136    Y   18/81x101   99.99   1.0  0.003  1.3610  0.0000  0.0000 0.0000  1.3507    9  WATCH(share)
  KXMLBPLAYOFFS-26-TEX                35.71   1000  5000   48   51 511311 773673    Y   48/51x101   99.99   1.0  0.015  1.2685  0.0000  0.0000 0.0000  1.2583    4  WATCH(share)
  KXWATECHEMP-27FEB28-T255000         35.71   1000  5000   79   20   9989   5831    Y   79/20x101   99.99   1.0  0.035  1.2641  0.0000  0.0000 0.0000  1.2538    2  SHADOW
  KXBWAYATTENDANCE-27MAY23B-14700000  35.71   1000  5000   31   68  36630  30671    Y   31/68x101   99.99   1.0  0.036  1.2409  0.0000  0.0000 0.0000  1.2306    4  SHADOW
  KXNJONTIME-26NOV30-T90              35.71   1000  5000   16   83  13795   5931    Y   16/83x101   99.99   1.0  0.038  1.1718  0.0000  0.0000 0.0000  1.1616    2  SHADOW
  KXNJPHARMAEMP-27APR30-T30300        35.71   1000  5000    8   91  13226   7735    Y    8/91x101   99.99   1.0  0.032  1.1252  0.0000  0.0000 0.0000  1.1149    3  SHADOW
  KXPAMFGEMP-27APR30-T545000          35.71   1000  5000   92    7  80331   5489    Y    92/7x101   99.99   1.0  0.031  1.1142  0.0000  0.0000 0.0000  1.1039    2  SHADOW
  KXNETFLIXSTUDIO-PHASE1B-28DEC21     35.71   1000  5000   73   26   8104  12361    Y   73/26x101   99.99   1.0  0.029  1.0547  0.0000  0.0000 0.0000  1.0444    2  SHADOW
  KXBWAYATTENDANCE-27MAY23B-14250000  35.71   1000  5000   69   30  10439   8159    Y   69/30x101   99.99   1.0  0.029  1.0434  0.0000  0.0000 0.0000  1.0332    2  SHADOW
  KXBWAYATTENDANCE-27MAY23B-14000000  35.71   1000  5000   79   20  34544  21111    Y   79/20x101   99.99   1.0  0.029  1.0310  0.0000  0.0000 0.0000  1.0208    4  SHADOW
  KXBWAYATTENDANCE-27MAY23B-14500000  35.71   1000  5000   48   51  31186  29545    Y   48/51x101   99.99   1.0  0.028  1.0076  0.0000  0.0000 0.0000  0.9973    2  SHADOW
  KXCITYCHAMPS-MIA30JUL01HDMP-1       35.71   1000  5000   44   55  27130  26653    Y   44/55x101   99.99   1.0  0.028  1.0052  0.0000  0.0000 0.0000  0.9949    1  SHADOW
  KXWAAEROEMP-27APR30-T84000          35.71   1000  5000   66   33   9870   7446    Y   66/33x101   99.99   1.0  0.028  1.0047  0.0000  0.0000 0.0000  0.9944    2  SHADOW
  KXWAAEROEMP-27APR30-T85000          35.71   1000  5000   48   51  31405  32002    Y   48/51x101   99.99   1.0  0.028  0.9900  0.0000  0.0000 0.0000  0.9797    2  SHADOW
  KXBAA-28JANDELIV-600                35.71   1000  5000   87   12  41174  10242    Y   87/12x101   99.99   1.0  0.028  0.9809  0.0000  0.0000 0.0000  0.9707    1  SHADOW
  KXNFLSTADIUM-28SEP01EVERBRENO-Y     35.71   1000  5000   42   56  31013  31746    Y   42/56x102   99.96   2.0  0.029  0.9799  0.0000  0.0000 0.0000  0.9696    6  SHADOW
  KXWATECHEMP-27FEB28-T265000         35.71   1000  5000   18   81  41603  33380    Y   18/81x101   99.99   1.0  0.027  0.9764  0.0000  0.0000 0.0000  0.9661    2  SHADOW
  KXWAAEROEMP-27APR30-T83000          35.71   1000  5000   81   18  33313  17112    Y   81/18x101   99.99   1.0  0.026  0.9548  0.0000  0.0000 0.0000  0.9445    3  SHADOW
  KXBWAYATTENDANCE-27MAY23B-14600000  35.71   1000  5000   37   62  33951  31286    Y   37/62x101   99.99   1.0  0.027  0.9506  0.0000  0.0000 0.0000  0.9404    4  SHADOW
  KXWALLSTBONUS-27MAR31-T300000       35.71   1000  5000   18   81  38877  33480    Y   18/81x101   99.99   1.0  0.025  0.9477  0.0000  0.0000 0.0000  0.9374    2  SHADOW
  KXBWAYATTENDANCE-27MAY23B-13750000  35.71   1000  5000   83   16  29015   8996    Y   83/16x101   99.99   1.0  0.026  0.9227  0.0000  0.0000 0.0000  0.9124    4  SHADOW
  KXCAFAIRPLAN-26NOV16-T710000        35.71   1000  5000   29   70  17261   9227    Y   29/70x101   99.99   1.0  0.025  0.8860  0.0000  0.0000 0.0000  0.8757    4  SHADOW
  KXILNUCLEAR-27FEB28-T97.5           35.71   1000  5000   43   56  35448  42162    Y   43/56x101   99.99   1.0  0.025  0.8838  0.0000  0.0000 0.0000  0.8736    4  SHADOW
  KXPADATACENTERS-26DEC31-T195        35.71   1000  5000   43   56  10372  10563    Y   43/56x101   99.99   1.0  0.025  0.8808  0.0000  0.0000 0.0000  0.8705    3  SHADOW
  KXPAMFGEMP-27APR30-T555000          35.71   1000  5000   58   41  35563  29606    Y   58/41x101   99.99   1.0  0.024  0.8677  0.0000  0.0000 0.0000  0.8575    2  SHADOW
  KXNYNJPORTTEU-27FEB28-T8.7          35.71   1000  5000   71   28  32039  29568    Y   71/28x101   99.99   1.0  0.024  0.8575  0.0000  0.0000 0.0000  0.8473    2  SHADOW
  KXCAHPIYOY-27FEB23-T419.85          35.71   1000  5000   19   80  20858  10265    Y   19/80x101   99.99   1.0  0.024  0.8441  0.0000  0.0000 0.0000  0.8338    2  SHADOW
  KXBWAYATTENDANCE-27MAY23B-14800000  35.71   1000  5000   18   81  35934  32100    Y   18/81x101   99.99   1.0  0.023  0.8298  0.0000  0.0000 0.0000  0.8195    4  SHADOW
  KXPADATACENTERS-26DEC31-T200        35.71   1000  5000   37   62  12168  11786    Y   37/62x101   99.99   1.0  0.023  0.8005  0.0000  0.0000 0.0000  0.7902    4  SHADOW
  KXNETFLIXSTUDIO-PHASE1A-27SEP23     35.71   1000  5000   78   21   9079  12693    Y   78/21x101   99.99   1.0  0.022  0.7935  0.0000  0.0000 0.0000  0.7832    3  SHADOW
  KXPADATACENTERS-26DEC31-T190        35.71   1000  5000   53   46   8984  12819    Y   53/46x101   99.99   1.0  0.022  0.7860  0.0000  0.0000 0.0000  0.7757    2  SHADOW
  KXNYCASKRENT-27JAN31-T3900          35.71   1000  5000   75   24  15155   7402    Y   75/24x101   99.99   1.0  0.021  0.7547  0.0000  0.0000 0.0000  0.7444    2  SHADOW
  KXBAA-28JANDELIV-620                35.71   1000  5000   82   17  40284  15977    Y   82/17x101   99.99   1.0  0.021  0.7311  0.0000  0.0000 0.0000  0.7208    1  SHADOW
  KXNYCASKRENT-27JAN31-T4000          35.71   1000  5000   41   58  10017  14495    Y   41/58x101   99.99   1.0  0.020  0.7073  0.0000  0.0000 0.0000  0.6971    4  WATCH(share)
  KXFLVISITORCOUNT-27FEB26-T142       35.71   1000  5000   54   45  12492  10557    Y   54/45x101   99.99   1.0  0.020  0.7071  0.0000  0.0000 0.0000  0.6969    4  WATCH(share)
  KXLOCALLAW-ILPOWER-27MAY01          35.71   1000  5000   70   29  33639  33641    Y   70/29x101   99.99   1.0  0.020  0.7061  0.0000  0.0000 0.0000  0.6959    2  WATCH(share)
  KXBWAYATTENDANCE-27MAY23B-13500000  35.71   1000  5000   89   10  34016  12295    Y   89/10x101   99.99   1.0  0.020  0.7039  0.0000  0.0000 0.0000  0.6937    2  WATCH(share)
  KXMANOFFVAC-27JAN31-T18.0           35.71   1000  5000   51   48  13210   9903    Y   51/48x101   99.99   1.0  0.020  0.7014  0.0000  0.0000 0.0000  0.6911    4  WATCH(share)
  KXCAHSR-26AUG-27JAN01               35.71   1000  5000   60   39  34242  32029    Y   60/39x101   99.99   1.0  0.022  0.6986  0.0000  0.0000 0.0000  0.6883    4  SHADOW
  KXTXOIL-27MAR31-T5.8                35.71   1000  5000   42   57  34990  32162    Y   42/57x101   99.99   1.0  0.019  0.6946  0.0000  0.0000 0.0000  0.6843    2  WATCH(share)
  KXNYNJPORTTEU-27FEB28-T8.9          35.71   1000  5000   36   63  18018   9907    Y   36/63x101   99.99   1.0  0.019  0.6721  0.0000  0.0000 0.0000  0.6618    2  WATCH(share)
  KXPADATACENTERS-26DEC31-T185        35.71   1000  5000   66   33  32428  34581    Y   66/33x101   99.99   1.0  0.018  0.6439  0.0000  0.0000 0.0000  0.6336    2  WATCH(share)
  KXPAGAS-27FEB26-T7.675792           35.71   1000  5000   62   37  13474  10390    Y   62/37x101   99.99   1.0  0.018  0.6434  0.0000  0.0000 0.0000  0.6331    4  WATCH(share)
  KXPADATACENTERS-26DEC31-T205        35.71   1000  5000   27   72  12186  10237    Y   27/72x101   99.99   1.0  0.018  0.6350  0.0000  0.0000 0.0000  0.6248    4  WATCH(share)
  KXILNUCLEAR-27FEB28-T95.0           35.71   1000  5000   85   14  12846  13870    Y   85/14x101   99.99   1.0  0.018  0.6275  0.0000  0.0000 0.0000  0.6172    3  WATCH(share)
  KXBAA-28JANDELIV-580                35.71   1000  5000   94    4  57061   9755    Y    94/4x102   99.96   2.0  0.017  0.6016  0.0000  0.0000 0.0000  0.5913    2  WATCH(share)
  KXWALLSTBONUS-27MAR31-T275000       35.71   1000  5000   44   55  39109  36132    Y   44/55x101   99.99   1.0  0.017  0.5983  0.0000  0.0000 0.0000  0.5880    2  WATCH(share)
  KXPAMFGEMP-27APR30-T560000          35.71   1000  5000   15   84  15455  36823    Y   15/84x101   99.99   1.0  0.016  0.5973  0.0000  0.0000 0.0000  0.5870    2  WATCH(share)
  KXCITYCHAMPS-MIA30JUL01HDMP-2       35.71   1000  5000   15   84  10379  34645    Y   15/84x101   99.99   1.0  0.021  0.5916  0.0000  0.0000 0.0000  0.5813    3  SHADOW
  KXCITYCHAMPS-CHI30JUL01BBCWB-1      35.71   1000  5000   54   45  45844  36124    Y   54/45x101   99.99   1.0  0.018  0.5910  0.0000  0.0000 0.0000  0.5807    5  WATCH(share)
  KXWATECHEMP-27FEB28-T245000         35.71   1000  5000   95    4  41040   4848    Y    95/4x101   99.99   1.0  0.016  0.5856  0.0000  0.0000 0.0000  0.5753    2  WATCH(share)
  KXNYNJPORTTEU-27FEB28-T8.8          35.71   1000  5000   61   38  10475  19970    Y   61/38x101   99.99   1.0  0.017  0.5744  0.0000  0.0000 0.0000  0.5642    4  WATCH(share)
  KXWATECHEMP-27FEB28-T250000         35.71   1000  5000   89   10  28655   7165    Y   89/10x101   99.99   1.0  0.015  0.5518  0.0000  0.0000 0.0000  0.5415    2  WATCH(share)
  KXFLVISITORCOUNT-27FEB26-T144       35.71   1000  5000   17   82  12775  14772    Y   17/82x101   99.99   1.0  0.015  0.5328  0.0000  0.0000 0.0000  0.5225    3  WATCH(share)
  KXWAAEROEMP-27APR30-T86000          35.71   1000  5000   27   72  26361  41807    Y   27/72x101   99.99   1.0  0.015  0.5297  0.0000  0.0000 0.0000  0.5194    2  WATCH(share)
  KXNYCSUBWAY-26OCT31-A4300000        35.71   1000  5000   61   38  13043  14588    Y   61/38x101   99.99   1.0  0.015  0.5203  0.0000  0.0000 0.0000  0.5101    2  WATCH(share)
  KXCITYCHAMPS-CHI30JUL01BBCWB-2      35.71   1000  5000   19   80  49526  37671    Y   19/80x101   99.99   1.0  0.014  0.5170  0.0000  0.0000 0.0000  0.5067    1  WATCH(share)
  KXNYNJPORTTEU-27FEB28-T8.6          35.71   1000  5000   82   17  37638  15168    Y   82/17x101   99.99   1.0  0.015  0.5162  0.0000  0.0000 0.0000  0.5059    2  WATCH(share)
  KXPADATACENTERS-26DEC31-T180        35.71   1000  5000   76   23  38064  44951    Y   76/23x101   99.99   1.0  0.016  0.5162  0.0000  0.0000 0.0000  0.5059   11  WATCH(share)
  KXMLBPLAYOFFS-26-AZ                 35.71   1000  5000   14   85 4888821135800    Y   14/85x101   99.99   1.0  0.005  0.5154  0.0000  0.0000 0.0000  0.5052    5  WATCH(share)
  KXCABUILDPERMITS-27JAN27-T115000    35.71   1000  5000   24   75  13679  13765    Y   24/75x101   99.99   1.0  0.014  0.4932  0.0000  0.0000 0.0000  0.4829    4  WATCH(share)
  KXNYNJPORTTEU-27FEB28-T8.5          35.71   1000  5000   91    8  12126  17402    Y    91/8x101   99.99   1.0  0.014  0.4781  0.0000  0.0000 0.0000  0.4678    2  WATCH(share)
  KXFLVISITORCOUNT-27FEB26-T140       35.71   1000  5000   79   20  13945  17458    Y   79/20x101   99.99   1.0  0.013  0.4743  0.0000  0.0000 0.0000  0.4640    2  WATCH(share)
  KXWAAEROEMP-27APR30-T82000          35.71   1000  5000   90    9  31936  11637    Y    90/9x101   99.99   1.0  0.013  0.4742  0.0000  0.0000 0.0000  0.4639    4  WATCH(share)
  KXORLHOTELDEMAND-27MAY10-T34.5      35.71   1000  5000   61   38  17599  14085    Y   61/38x101   99.99   1.0  0.013  0.4642  0.0000  0.0000 0.0000  0.4539    2  WATCH(share)
  KXCAFAIRPLAN-26NOV16-T700000        35.71   1000  5000   83   16  19364  10398    Y   83/16x101   99.99   1.0  0.013  0.4520  0.0000  0.0000 0.0000  0.4417    2  WATCH(share)
  KXWALLSTBONUS-27MAR31-T250000       35.71   1000  5000   74   25  16057  13543    Y   74/25x101   99.99   1.0  0.013  0.4433  0.0000  0.0000 0.0000  0.4331    4  WATCH(share)
  KXNYCSUBWAY-26OCT31-A4200000        35.71   1000  5000   88   11  13644  21840    Y   88/11x101   99.99   1.0  0.012  0.4410  0.0000  0.0000 0.0000  0.4308    4  WATCH(share)
  ... 4169 more
