# ops request [READ]
# type=script  id=limm-report-4
# code 91cf32ddcee75aa22d330158e4c7249108d3693d · started 2026-09-17T19:58:04Z
================================================================================================
1. COLLECTOR
================================================================================================
  last event: seq_gap at 2026-09-17 19:55:27Z
  connected                      1
  disconnected                   1
  discovery                     36
  market_cap_reached            36
  seq_gap                       28
  snapshot_requested             6
  subscribed                     3
  unsubscribed                 334
  last discovery 2026-09-17 19:54Z: listed=4331 liquidity=4330 volume=1 new=4 changed=0 gone=2 pool=$559466.67 errors=0
  tape (3h): book events=21046 trades=66; open shadow pairs=9710; markets snapshotted=176

================================================================================================
2. LANDSCAPE — liquidity programs by day (last 1 days)  [Q1]
================================================================================================
  day           programs  reward/day $  median $/day  median target  median hours
  2026-09-16           0          0.00           n/a            n/a           n/a
  2026-09-17        5284    1104376.25         25.00           1000         127.0

================================================================================================
3. HEADLINE — had this run at each tier for the last 1 days  [Q3/Q7]
   net = est reward + paired P&L + single-leg MTM(5m, at bid) + settlement - fees; models side by side
================================================================================================
  observation span: 0.31 days
  policy                tiermodel              n progs    reward    paired    fees    sl_mtm    settle       net   net/day   net/cap-h  largest%
  A_break_even            25  conservative  1391   168    5.3099    0.0000  0.0000   -1.6103       n/a    3.6979   11.8602    0.000178       1.1
  A_break_even            25  optimistic    1391   168    5.1590    0.7500  0.0000   -1.2500       n/a    4.6568   14.9357    0.000224       5.7
  A_break_even            25  queue_aware   1391   168    5.3022    0.0000  0.0000   -1.6865       n/a    3.6140   11.5912    0.000174       1.1
  A_break_even            50  conservative  1389   168   10.5811    0.0000  0.0000   -3.1103       n/a    7.4701   23.9588    0.000180       1.0
  A_break_even            50  optimistic    1389   168   10.2831    1.5000  0.0000   -2.4900       n/a    9.2924   29.8034    0.000224       5.7
  A_break_even            50  queue_aware   1389   168   10.5661    0.0000  0.0000   -3.1865       n/a    7.3789   23.6663    0.000178       1.0
  A_break_even           100  conservative  1389   168   21.0957    0.0000  0.0000   -6.1503       n/a   14.9441   47.9301    0.000178       1.0
  A_break_even           100  optimistic    1389   168   20.5005    3.0300  0.0000   -5.0400       n/a   18.4895   59.3012    0.000221       5.8
  A_break_even           100  queue_aware   1389   168   21.0555    0.0000  0.0000   -6.2465       n/a   14.8077   47.4926    0.000177       1.0
  A_break_even           250  conservative  1389   168   51.6530    0.0000  0.0000  -10.0008       n/a   41.6524  133.5914    0.000199       0.8
  A_break_even           250  optimistic    1389   168   49.9630    7.5600  0.0000  -12.5700       n/a   44.9536  144.1793    0.000215       5.9
  A_break_even           250  queue_aware   1389   168   51.2971    0.0000  0.0000  -15.3065       n/a   35.9910  115.4337    0.000172       0.9
  A_break_even           500  conservative  1389   168   97.1572    0.0000  0.0000  -10.0008       n/a   87.1556  279.5335    0.000208       0.7
  A_break_even           500  optimistic    1389   168   94.3613   15.1500  0.0000  -25.2000       n/a   84.3102  270.4075    0.000201       6.3
  A_break_even           500  queue_aware   1389   168   96.8332    0.0000  0.0000  -29.6588       n/a   67.1736  215.4454    0.000160       0.9
  B_reward_efficient      25  conservative  1388   168    5.3064    0.0000  0.0000   -1.6103       n/a    3.6943   11.8487    0.000178       1.1
  B_reward_efficient      25  optimistic    1388   168    5.1554    0.7500  0.0000   -1.2500       n/a    4.6532   14.9242    0.000225       5.7
  B_reward_efficient      25  queue_aware   1388   168    5.2986    0.0000  0.0000   -1.6865       n/a    3.6104   11.5796    0.000174       1.1
  B_reward_efficient      50  conservative  1387   168   10.5629    0.0000  0.0000   -3.1103       n/a    7.4518   23.9001    0.000180       1.0
  B_reward_efficient      50  optimistic    1387   168   10.2648    1.5000  0.0000   -2.4900       n/a    9.2741   29.7448    0.000224       5.7
  B_reward_efficient      50  queue_aware   1387   168   10.5478    0.0000  0.0000   -3.1865       n/a    7.3606   23.6076    0.000178       1.0
  B_reward_efficient     100  conservative  1387   168   21.0593    0.0000  0.0000   -6.1503       n/a   14.9077   47.8134    0.000178       1.0
  B_reward_efficient     100  optimistic    1387   168   20.4642    3.0300  0.0000   -5.0400       n/a   18.4531   59.1845    0.000221       5.8
  B_reward_efficient     100  queue_aware   1387   168   21.0191    0.0000  0.0000   -6.2465       n/a   14.7713   47.3759    0.000177       1.0
  B_reward_efficient     250  conservative  1387   168   51.5657    0.0000  0.0000  -10.0008       n/a   41.5651  133.3114    0.000199       0.8
  B_reward_efficient     250  optimistic    1387   168   49.8757    7.5600  0.0000  -12.5700       n/a   44.8663  143.8993    0.000215       5.9
  B_reward_efficient     250  queue_aware   1387   168   51.2098    0.0000  0.0000  -15.3065       n/a   35.9037  115.1537    0.000172       0.9
  B_reward_efficient     500  conservative  1387   168   96.9928    0.0000  0.0000  -10.0008       n/a   86.9911  279.0059    0.000208       0.7
  B_reward_efficient     500  optimistic    1387   168   94.1969   15.1500  0.0000  -25.2000       n/a   84.1457  269.8799    0.000201       6.3
  B_reward_efficient     500  queue_aware   1387   168   96.6688    0.0000  0.0000  -29.6588       n/a   67.0091  214.9178    0.000160       0.9
  C_conservative          25  conservative  1387   168    2.7447    0.0000  0.0000   -0.5000       n/a    2.2464    7.2049    0.000111       1.2
  C_conservative          25  optimistic    1387   168    2.7431    0.0000  0.0000   -0.7500       n/a    1.9949    6.3982    0.000098       1.3
  C_conservative          25  queue_aware   1387   168    2.7447    0.0000  0.0000   -0.7500       n/a    1.9963    6.4027    0.000098       1.3
  C_conservative          50  conservative  1387   168    5.6046    0.0000  0.0000   -1.0200       n/a    4.5847   14.7045    0.000111       1.5
  C_conservative          50  optimistic    1387   168    5.6014    0.0000  0.0000   -1.5300       n/a    4.0715   13.0585    0.000098       1.7
  C_conservative          50  queue_aware   1387   168    5.6045    0.0000  0.0000   -1.5300       n/a    4.0745   13.0681    0.000098       1.7
  C_conservative         100  conservative  1386   168   11.2284    0.0000  0.0000   -2.0000       n/a    9.2277   29.5959    0.000110       1.4
  C_conservative         100  optimistic    1386   168   11.2215    0.0000  0.0000   -3.0900       n/a    8.1309   26.0782    0.000097       1.5
  C_conservative         100  queue_aware   1386   168   11.2282    0.0000  0.0000   -3.0600       n/a    8.1675   26.1956    0.000098       1.5
  C_conservative         250  conservative  1386   168   27.3224    0.0000  0.0000   -2.0000       n/a   25.3243   81.2224    0.000122       0.9
  C_conservative         250  optimistic    1386   168   27.3053    0.0000  0.0000   -7.7100       n/a   19.5972   62.8540    0.000094       1.2
  C_conservative         250  queue_aware   1386   168   27.3224    0.0000  0.0000   -4.9270       n/a   22.3973   71.8347    0.000107       1.1
  C_conservative         500  conservative  1386   168   52.6632    0.0000  0.0000   -2.0000       n/a   50.6632  162.4917    0.000121       0.7
  C_conservative         500  optimistic    1386   168   52.6326    0.0000  0.0000  -15.4500       n/a   37.1826  119.2555    0.000089       0.9
  C_conservative         500  queue_aware   1386   168   52.6632    0.0000  0.0000   -4.9270       n/a   47.7362  153.1040    0.000114       0.7

================================================================================================
4. FILLS — outcome mix, P(both | one), lag, single-leg marks (last 1 days)  [Q4/Q5]
================================================================================================
  optimistic    mix: both_filled=30, neither_filled=20290, no_only=315, yes_only=180 | P(both|one)=0.057 n=525 | lag mean=887.2s median=1005.5s
  conservative  mix: neither_filled=20770, no_only=10, partial_no=20, partial_yes=7, yes_only=8 | P(both|one)=0.000 n=45 | lag mean=n/as median=n/as
  queue_aware   mix: neither_filled=20740, no_only=20, partial_no=20, partial_yes=12, yes_only=23 | P(both|one)=0.000 n=75 | lag mean=n/as median=n/as
  model          horizon s      n  mean@bid $ worst@bid $  mean@mid $
  conservative           1     55     -2.9030    -20.0000     -1.4169
  conservative           5     55     -2.9030    -20.0000     -1.4169
  conservative          30     55     -1.0179     -2.8905     -0.6751
  conservative          60     55     -1.0179     -2.8905     -0.6751
  conservative         300     55     -1.0197     -2.8905     -0.6770
  optimistic             1    675     -0.4705    -50.5000      0.6644
  optimistic             5    675     -0.4705    -50.5000      0.6644
  optimistic            30    675     -0.2217    -15.1500      0.7471
  optimistic            60    665     -0.2028    -15.1500      0.7530
  optimistic           300    645     -0.2153    -15.1500      0.7272
  queue_aware            1     90     -2.4660    -50.5000     -1.1129
  queue_aware            5     90     -2.4660    -50.5000     -1.1129
  queue_aware           30     90     -0.6000     -5.0500     -0.2296
  queue_aware           60     90     -0.6000     -5.0500     -0.2296
  queue_aware          300     90     -0.5385     -5.0500     -0.2658
  single-leg outcomes by competing depth at placement (conservative)  [Q6]
    deep           n=45     mean single-leg MTM=-1.5392  mean est reward=0.1135

================================================================================================
5. RANKING — active programs, policy=A_break_even tier=$100, conservative outcomes over 3h  [Q2/Q6]
   read-only. Components printed beside the state; no state submits anything.
================================================================================================
  ticker                              rwd/d target  disc ybid nbid   ydep   ndep both       quote    cap$  edge  share   rew/d  pair/d    sl/d  fee/d   net/d    n  state
  KXPJMEMERGENCY-26DEC31-T20          35.71   1000  5000   14   85  22048   6860    Y   14/85x101   99.99   1.0  0.078  3.2911  0.0000  0.0000 0.0000  3.2809    3  SHADOW
  KXPJMEMERGENCY-26DEC31-T15          35.71   1000  5000   39   60   6275   6327    Y   39/60x101   99.99   1.0  0.084  2.8828  0.0000  0.0000 0.0000  2.8725    2  SHADOW
  KXMLBTEAMSALE-27JANLAD-Y            35.71   1000  5000    9   90   4385  24633    Y    9/90x101   99.99   1.0  0.073  2.6835  0.0000  0.0000 0.0000  2.6733    3  SHADOW
  KXRAINDNYC-260919-0                 59.63   1000  5000    6   93  15385  28540    Y    6/93x101   99.99   1.0  0.046  2.4417  0.0000  0.0000 0.0000  2.4314    6  SHADOW
  KXMLBSEASONGAMES-27-1930           500.00   1000  5000   65   34  31696  35475    Y   65/34x101   99.99   1.0  0.005  2.3380  0.0000  0.0000 0.0000  2.3277    3  WATCH(share)
  KXMLBSEASONGAMES-27-1215           500.00   1000  5000   78   21  35350  40234    Y   78/21x101   99.99   1.0  0.004  2.1074  0.0000  0.0000 0.0000  2.0971    9  WATCH(share)
  KXEPARODENT-26SEP-27JUL01           67.76   1000  5000   49   50  39001  36289    Y   49/50x101   99.99   1.0  0.031  2.0637  0.0000  0.0000 0.0000  2.0535    3  SHADOW
  KXMLBSEASONGAMES-27-600            500.00   1000  5000   81   18  43262  51112    Y   81/18x101   99.99   1.0  0.004  1.9643  0.0000  0.0000 0.0000  1.9541   12  WATCH(share)
  KXMLBSEASONGAMES-27-2425           500.00   1000  5000   47   52  31888  45735    Y   47/52x101   99.99   1.0  0.004  1.8982  0.0000  0.0000 0.0000  1.8879   12  WATCH(share)
  KXWATECHEMP-27FEB28-T260000         35.71   1000  5000   55   44  42166  36648    Y   55/44x101   99.99   1.0  0.052  1.8227  0.0000  0.0000 0.0000  1.8125    7  SHADOW
  KXNFLSELLOUT-27BUF-Y                35.71   1000  5000   81   17   4415   7558    Y   81/17x102   99.96   2.0  0.053  1.8216  0.0000  0.0000 0.0000  1.8113    5  SHADOW
  KXBAA-28JANDELIV-640                35.71   1000  5000   53   46  42722  27669    Y   53/46x101   99.99   1.0  0.069  1.7648  0.0000  0.0000 0.0000  1.7545    3  SHADOW
  KXBWAYATTENDANCE-27MAY23B-14700000  35.71   1000  5000   31   68  38407  30565    Y   31/68x101   99.99   1.0  0.036  1.2898  0.0000  0.0000 0.0000  1.2795    3  SHADOW
  KXMLBSEASONGAMES-27-0              500.00   1000  5000   18   81  47701  62342    Y   18/81x101   99.99   1.0  0.003  1.2758  0.0000  0.0000 0.0000  1.2655    6  WATCH(share)
  KXBAA-28JANDELIV-660                35.71   1000  5000   14   85  13061  11917    Y   14/85x101   99.99   1.0  0.040  1.2643  0.0000  0.0000 0.0000  1.2541   14  SHADOW
  KXWATECHEMP-27FEB28-T255000         35.71   1000  5000   79   20   8997   5866    Y   79/20x101   99.99   1.0  0.035  1.2603  0.0000  0.0000 0.0000  1.2500    3  SHADOW
  KXPAMFGEMP-27APR30-T545000          35.71   1000  5000   92    7  80452   5499    Y    92/7x101   99.99   1.0  0.031  1.1162  0.0000  0.0000 0.0000  1.1059    3  SHADOW
  KXNJONTIME-26NOV30-T90              35.71   1000  5000   16   83  14537   6446    Y   16/83x101   99.99   1.0  0.029  1.0749  0.0000  0.0000 0.0000  1.0647    3  SHADOW
  KXNJPHARMAEMP-27APR30-T30300        35.71   1000  5000    8   91  13227   6903    Y    8/91x101   99.99   1.0  0.032  1.0687  0.0000  0.0000 0.0000  1.0585    6  SHADOW
  KXNETFLIXSTUDIO-PHASE1B-28DEC21     35.71   1000  5000   73   26   7121  11023    Y   73/26x101   99.99   1.0  0.029  1.0476  0.0000  0.0000 0.0000  1.0374    3  SHADOW
  KXBWAYATTENDANCE-27MAY23B-14250000  35.71   1000  5000   69   30   9316   9543    Y   69/30x101   99.99   1.0  0.029  1.0448  0.0000  0.0000 0.0000  1.0345    3  SHADOW
  KXBWAYATTENDANCE-27MAY23B-14000000  35.71   1000  5000   79   20  34548  21099    Y   79/20x101   99.99   1.0  0.029  1.0366  0.0000  0.0000 0.0000  1.0263    3  SHADOW
  KXWAAEROEMP-27APR30-T85000          35.71   1000  5000   48   51  32778  31988    Y   48/51x101   99.99   1.0  0.028  1.0179  0.0000  0.0000 0.0000  1.0076    3  SHADOW
  KXWAAEROEMP-27APR30-T84000          35.71   1000  5000   66   33   9214   8039    Y   66/33x101   99.99   1.0  0.028  0.9983  0.0000  0.0000 0.0000  0.9881    3  SHADOW
  KXCITYCHAMPS-MIA30JUL01HDMP-1       35.71   1000  5000   44   55  25096  25610    Y   44/55x101   99.99   1.0  0.028  0.9926  0.0000  0.0000 0.0000  0.9823    3  SHADOW
  KXBWAYATTENDANCE-27MAY23B-14500000  35.71   1000  5000   48   51  30788  32580    Y   48/51x101   99.99   1.0  0.028  0.9855  0.0000  0.0000 0.0000  0.9753    2  SHADOW
  KXWATECHEMP-27FEB28-T265000         35.71   1000  5000   18   81  41584  32549    Y   18/81x101   99.99   1.0  0.027  0.9742  0.0000  0.0000 0.0000  0.9640    3  SHADOW
  KXBWAYATTENDANCE-27MAY23B-14600000  35.71   1000  5000   37   62  33110  32413    Y   37/62x101   99.99   1.0  0.027  0.9562  0.0000  0.0000 0.0000  0.9460    3  SHADOW
  KXWAAEROEMP-27APR30-T83000          35.71   1000  5000   81   18  33076  17078    Y   81/18x101   99.99   1.0  0.026  0.9397  0.0000  0.0000 0.0000  0.9294    3  SHADOW
  KXBAA-28JANDELIV-620                35.71   1000  5000   82   17  39653  14967    Y   82/17x101   99.99   1.0  0.026  0.9360  0.0000  0.0000 0.0000  0.9258    3  SHADOW
  KXBWAYATTENDANCE-27MAY23B-13750000  35.71   1000  5000   83   16  28765   9039    Y   83/16x101   99.99   1.0  0.026  0.9254  0.0000  0.0000 0.0000  0.9152    3  SHADOW
  KXBAA-28JANDELIV-600                35.71   1000  5000   87   12  42201   9230    Y   87/12x101   99.99   1.0  0.022  0.9222  0.0000  0.0000 0.0000  0.9119    4  SHADOW
  KXNETFLIXSTUDIO-PHASE1A-27SEP23     35.71   1000  5000   78   21   7187  11344    Y   78/21x101   99.99   1.0  0.026  0.9212  0.0000  0.0000 0.0000  0.9109    3  SHADOW
  KXWALLSTBONUS-27MAR31-T300000       35.71   1000  5000   18   81  38806  32783    Y   18/81x101   99.99   1.0  0.025  0.9057  0.0000  0.0000 0.0000  0.8954    3  SHADOW
  KXNFLSTADIUM-28SEP01EVERBRENO-Y     35.71   1000  5000   42   56  28804  28217    Y   42/56x102   99.96   2.0  0.038  0.8924  0.0000  0.0000 0.0000  0.8822   10  SHADOW
  KXPADATACENTERS-26DEC31-T195        35.71   1000  5000   43   56   9636   9836    Y   43/56x101   99.99   1.0  0.025  0.8807  0.0000  0.0000 0.0000  0.8704    3  SHADOW
  KXCAHPIYOY-27FEB23-T419.85          35.71   1000  5000   19   80  20135   8962    Y   19/80x101   99.99   1.0  0.026  0.8799  0.0000  0.0000 0.0000  0.8697    3  SHADOW
  KXPAMFGEMP-27APR30-T555000          35.71   1000  5000   58   41  37184  29601    Y   58/41x101   99.99   1.0  0.024  0.8630  0.0000  0.0000 0.0000  0.8527    3  SHADOW
  KXNYNJPORTTEU-27FEB28-T8.7          35.71   1000  5000   71   28  31818  29818    Y   71/28x101   99.99   1.0  0.024  0.8612  0.0000  0.0000 0.0000  0.8509    3  SHADOW
  KXCAFAIRPLAN-26NOV16-T710000        35.71   1000  5000   29   70  15906   8688    Y   29/70x101   99.99   1.0  0.025  0.8496  0.0000  0.0000 0.0000  0.8393    4  SHADOW
  KXMLBPLAYOFFS-26-HOU                35.71   1000  5000   67   32 856726  16677    Y   67/32x101   99.99   1.0  0.036  0.8442  0.0000  0.0000 0.0000  0.8339   11  SHADOW
  KXBAA-28JANDELIV-580                35.71   1000  5000   95    4  43735   8561    Y    95/4x101   99.99   1.0  0.026  0.8337  0.0000  0.0000 0.0000  0.8235    3  SHADOW
  KXBWAYATTENDANCE-27MAY23B-14800000  35.71   1000  5000   18   81  35906  32989    Y   18/81x101   99.99   1.0  0.023  0.8333  0.0000  0.0000 0.0000  0.8230    3  SHADOW
  KXILNUCLEAR-27FEB28-T97.5           35.71   1000  5000   43   56  34038  42322    Y   43/56x101   99.99   1.0  0.025  0.8244  0.0000  0.0000 0.0000  0.8141    6  SHADOW
  KXPADATACENTERS-26DEC31-T200        35.71   1000  5000   37   62  11098   9336    Y   37/62x101   99.99   1.0  0.023  0.8040  0.0000  0.0000 0.0000  0.7937    3  SHADOW
  KXPADATACENTERS-26DEC31-T190        35.71   1000  5000   53   46  10147  12816    Y   53/46x101   99.99   1.0  0.022  0.7844  0.0000  0.0000 0.0000  0.7741    3  SHADOW
  KXNYCASKRENT-27JAN31-T3900          35.71   1000  5000   75   24  15219   7539    Y   75/24x101   99.99   1.0  0.021  0.7509  0.0000  0.0000 0.0000  0.7406    3  SHADOW
  KXNYCASKRENT-27JAN31-T4000          35.71   1000  5000   41   58  12529  15016    Y   41/58x101   99.99   1.0  0.020  0.7105  0.0000  0.0000 0.0000  0.7002    3  WATCH(share)
  KXCAHSR-26AUG-27JAN01               35.71   1000  5000   60   39  35036  35848    Y   60/39x101   99.99   1.0  0.019  0.7100  0.0000  0.0000 0.0000  0.6997    3  WATCH(share)
  KXBWAYATTENDANCE-27MAY23B-13500000  35.71   1000  5000   89   10  34054  12293    Y   89/10x101   99.99   1.0  0.020  0.7046  0.0000  0.0000 0.0000  0.6943    3  WATCH(share)
  KXLOCALLAW-ILPOWER-27MAY01          35.71   1000  5000   70   29  33308  34104    Y   70/29x101   99.99   1.0  0.020  0.7043  0.0000  0.0000 0.0000  0.6941    3  WATCH(share)
  KXFLVISITORCOUNT-27FEB26-T142       35.71   1000  5000   54   45  11623   9752    Y   54/45x101   99.99   1.0  0.020  0.7023  0.0000  0.0000 0.0000  0.6920    4  WATCH(share)
  KXNYNJPORTTEU-27FEB28-T8.9          35.71   1000  5000   36   63  18231   9103    Y   36/63x101   99.99   1.0  0.019  0.6947  0.0000  0.0000 0.0000  0.6845    3  WATCH(share)
  KXTXOIL-27MAR31-T5.8                35.71   1000  5000   42   57  34607  32041    Y   42/57x101   99.99   1.0  0.019  0.6946  0.0000  0.0000 0.0000  0.6843    3  WATCH(share)
  KXMANOFFVAC-27JAN31-T18.0           35.71   1000  5000   51   48  12386   9283    Y   51/48x101   99.99   1.0  0.020  0.6819  0.0000  0.0000 0.0000  0.6716    3  SHADOW
  KXCITYCHAMPS-CHI30JUL01BBCWB-1      35.71   1000  5000   54   45  43932  33468    Y   54/45x101   99.99   1.0  0.019  0.6619  0.0000  0.0000 0.0000  0.6517    2  WATCH(share)
  KXPAGAS-27FEB26-T7.675792           35.71   1000  5000   62   37  12476  12512    Y   62/37x101   99.99   1.0  0.018  0.6435  0.0000  0.0000 0.0000  0.6332    3  WATCH(share)
  KXPADATACENTERS-26DEC31-T185        35.71   1000  5000   66   33  32067  34498    Y   66/33x101   99.99   1.0  0.018  0.6430  0.0000  0.0000 0.0000  0.6327    3  WATCH(share)
  KXPADATACENTERS-26DEC31-T205        35.71   1000  5000   27   72  12978  12545    Y   27/72x101   99.99   1.0  0.018  0.6312  0.0000  0.0000 0.0000  0.6210    2  WATCH(share)
  KXILNUCLEAR-27FEB28-T95.0           35.71   1000  5000   85   14  13060  14123    Y   85/14x101   99.99   1.0  0.018  0.6119  0.0000  0.0000 0.0000  0.6016    6  WATCH(share)
  KXWALLSTBONUS-27MAR31-T275000       35.71   1000  5000   44   55  36575  35213    Y   44/55x101   99.99   1.0  0.017  0.6026  0.0000  0.0000 0.0000  0.5923    3  WATCH(share)
  KXCITYCHAMPS-MIA30JUL01HDMP-2       35.71   1000  5000   15   84  10392  34645    Y   15/84x101   99.99   1.0  0.021  0.5907  0.0000  0.0000 0.0000  0.5804    2  SHADOW
  KXPAMFGEMP-27APR30-T560000          35.71   1000  5000   15   84  15429  36569    Y   15/84x101   99.99   1.0  0.016  0.5853  0.0000  0.0000 0.0000  0.5751    3  WATCH(share)
  KXWATECHEMP-27FEB28-T245000         35.71   1000  5000   95    4  41093   4848    Y    95/4x101   99.99   1.0  0.016  0.5785  0.0000  0.0000 0.0000  0.5682    4  WATCH(share)
  KXPADATACENTERS-26DEC31-T180        35.71   1000  5000   76   23  38252  44915    Y   76/23x101   99.99   1.0  0.016  0.5616  0.0000  0.0000 0.0000  0.5514    4  WATCH(share)
  KXNYNJPORTTEU-27FEB28-T8.8          35.71   1000  5000   61   38  10513  18101    Y   61/38x101   99.99   1.0  0.016  0.5593  0.0000  0.0000 0.0000  0.5490    3  WATCH(share)
  KXWATECHEMP-27FEB28-T250000         35.71   1000  5000   89   10  28652   7117    Y   89/10x101   99.99   1.0  0.015  0.5518  0.0000  0.0000 0.0000  0.5415    3  WATCH(share)
  KXWAAEROEMP-27APR30-T86000          35.71   1000  5000   27   72  26339  41495    Y   27/72x101   99.99   1.0  0.015  0.5354  0.0000  0.0000 0.0000  0.5252    4  WATCH(share)
  KXNYNJPORTTEU-27FEB28-T8.6          35.71   1000  5000   82   17  40755  15359    Y   82/17x101   99.99   1.0  0.015  0.5279  0.0000  0.0000 0.0000  0.5177    3  WATCH(share)
  KXBAA-28JANDELIV-680                35.71   1000  5000    3   96   6868  16768    Y    3/96x101   99.99   1.0  0.019  0.5133  0.0000  0.0000 0.0000  0.5030    9  WATCH(share)
  KXCABUILDPERMITS-27JAN27-T115000    35.71   1000  5000   24   75  13687  13416    Y   24/75x101   99.99   1.0  0.015  0.5072  0.0000  0.0000 0.0000  0.4969    3  WATCH(share)
  KXNYCSUBWAY-26OCT31-A4300000        35.71   1000  5000   61   38  12473  13391    Y   61/38x101   99.99   1.0  0.014  0.5039  0.0000  0.0000 0.0000  0.4937    4  WATCH(share)
  KXFLVISITORCOUNT-27FEB26-T144       35.71   1000  5000   17   82  12969  14987    Y   17/82x101   99.99   1.0  0.015  0.5000  0.0000  0.0000 0.0000  0.4897    9  WATCH(share)
  KXCITYCHAMPS-CHI30JUL01BBCWB-2      35.71   1000  5000   19   80  47192  36908    Y   19/80x101   99.99   1.0  0.014  0.4970  0.0000  0.0000 0.0000  0.4868    3  WATCH(share)
  KXNYNJPORTTEU-27FEB28-T8.5          35.71   1000  5000   91    8  12319  17602    Y    91/8x101   99.99   1.0  0.014  0.4901  0.0000  0.0000 0.0000  0.4799    3  WATCH(share)
  KXMLBPLAYOFFS-26-TEX                35.71   1000  5000   48   51 507924 768990    Y   48/51x101   99.99   1.0  0.021  0.4823  0.0000  0.0000 0.0000  0.4720   11  SHADOW
  KXORLHOTELDEMAND-27MAY10-T34.5      35.71   1000  5000   61   38  16504  13983    Y   61/38x101   99.99   1.0  0.013  0.4650  0.0000  0.0000 0.0000  0.4547    3  WATCH(share)
  KXFLVISITORCOUNT-27FEB26-T140       35.71   1000  5000   79   20  13576  18266    Y   79/20x101   99.99   1.0  0.013  0.4647  0.0000  0.0000 0.0000  0.4544    3  WATCH(share)
  KXWAAEROEMP-27APR30-T82000          35.71   1000  5000   90    9  31844  11647    Y    90/9x101   99.99   1.0  0.013  0.4505  0.0000  0.0000 0.0000  0.4402    3  WATCH(share)
  KXCABUILDPERMITS-27JAN27-T110000    35.71   1000  5000   60   39  17910  12888    Y   60/39x101   99.99   1.0  0.013  0.4486  0.0000  0.0000 0.0000  0.4383    2  WATCH(share)
  ... 4248 more
