# ops request [READ]
# type=script  id=limm-report-6
# code 97ffd7a67b4b915c9778f19474285f5a0f782d91 · started 2026-09-18T04:04:21Z
================================================================================================
1. COLLECTOR
================================================================================================
  last event: seq_gap at 2026-09-18 04:00:42Z
  connected                      1
  disconnected                   1
  discovery                     36
  market_cap_reached            36
  seq_gap                       31
  snapshot_requested             2
  subscribed                     3
  thread_started                 1
  unsubscribed                 554
  last discovery 2026-09-18 04:00Z: listed=3922 liquidity=3921 volume=1 new=18 changed=0 gone=570 pool=$512871.67 errors=0
  tape (3h): book events=28339 trades=154; open shadow pairs=12593; markets snapshotted=176

================================================================================================
2. LANDSCAPE — liquidity programs by day (last 1 days)  [Q1]
================================================================================================
  day           programs  reward/day $  median $/day  median target  median hours
  2026-09-17        5871    1601867.57         29.14           1000         107.0
  2026-09-18        4872     786719.93         18.83           1000         145.5

================================================================================================
3. HEADLINE — had this run at each tier for the last 1 days  [Q3/Q7]
   net = est reward + paired P&L + single-leg MTM(5m, at bid) + settlement - fees; models side by side
================================================================================================
  observation span: 0.65 days
  policy                tiermodel              n progs    reward    paired    fees    sl_mtm    settle       net   net/day   net/cap-h  largest%
  A_break_even            25  conservative  3490   178   11.6495    0.0000  0.0000   -6.6326       n/a    5.0169    7.7244    0.000114       1.2
  A_break_even            25  optimistic    3490   178   11.3150    3.5000  0.0000  -10.0000       n/a    4.8144    7.4126    0.000109       5.5
  A_break_even            25  queue_aware   3490   178   11.6111    0.0560  0.0000   -8.1884       n/a    3.4786    5.3559    0.000079       1.9
  A_break_even            50  conservative  3488   178   23.1448    0.0000  0.0000  -12.2264       n/a   10.9193   16.8122    0.000124       1.0
  A_break_even            50  optimistic    3488   178   22.4786    7.0000  0.0000  -20.0800       n/a    9.3996   14.4723    0.000107       5.6
  A_break_even            50  queue_aware   3488   178   23.0824    0.0560  0.0000  -15.1716       n/a    7.9677   12.2677    0.000091       1.4
  A_break_even           100  conservative  3488   178   46.1450    0.0000  0.0000  -21.6792       n/a   24.4639   37.6664    0.000138       0.9
  A_break_even           100  optimistic    3488   178   44.7731   14.1400  0.0000  -40.4800       n/a   18.4312   28.3780    0.000104       5.8
  A_break_even           100  queue_aware   3488   178   45.9709    0.0560  0.0000  -28.9416       n/a   17.0833   26.3027    0.000096       1.2
  A_break_even           250  conservative  3488   178  111.9227    0.0000  0.0000  -38.2396       n/a   73.6834  113.4484    0.000166       1.1
  A_break_even           250  optimistic    3488   178  108.0558   35.2800  0.0000 -101.0400       n/a   42.2960   65.1220    0.000095       6.3
  A_break_even           250  queue_aware   3488   178  111.1345    0.0560  0.0000  -67.5565       n/a   43.6346   67.1830    0.000098       1.1
  A_break_even           500  conservative  3488   178  208.3402    0.0000  0.0000  -38.7377       n/a  169.6019  261.1315    0.000191       0.8
  A_break_even           500  optimistic    3488   178  201.7132   70.7000  0.0000 -202.4000       n/a   70.0117  107.7951    0.000079       7.6
  A_break_even           500  queue_aware   3488   178  207.3125    0.0560  0.0000 -107.9047       n/a   99.4632  153.1408    0.000112       0.9
  B_reward_efficient      25  conservative  3487   178   11.6459    0.0000  0.0000   -6.6326       n/a    5.0133    7.7188    0.000114       1.2
  B_reward_efficient      25  optimistic    3487   178   11.3114    3.5000  0.0000  -10.0000       n/a    4.8108    7.4071    0.000109       5.5
  B_reward_efficient      25  queue_aware   3487   178   11.6075    0.0560  0.0000   -8.1884       n/a    3.4750    5.3504    0.000079       1.9
  B_reward_efficient      50  conservative  3484   178   23.1109    0.0000  0.0000  -12.2264       n/a   10.8854   16.7600    0.000124       1.0
  B_reward_efficient      50  optimistic    3484   178   22.4447    7.0000  0.0000  -20.0800       n/a    9.3657   14.4201    0.000107       5.7
  B_reward_efficient      50  queue_aware   3484   178   23.0485    0.0560  0.0000  -15.1716       n/a    7.9338   12.2155    0.000090       1.4
  B_reward_efficient     100  conservative  3484   178   46.0775    0.0000  0.0000  -21.6792       n/a   24.3964   37.5625    0.000137       0.9
  B_reward_efficient     100  optimistic    3484   178   44.7056   14.1400  0.0000  -40.4800       n/a   18.3637   28.2741    0.000103       5.8
  B_reward_efficient     100  queue_aware   3484   178   45.9034    0.0560  0.0000  -28.9416       n/a   17.0158   26.1988    0.000096       1.2
  B_reward_efficient     250  conservative  3484   178  111.7602    0.0000  0.0000  -38.2396       n/a   73.5209  113.1982    0.000166       1.1
  B_reward_efficient     250  optimistic    3484   178  107.8933   35.2800  0.0000 -101.0400       n/a   42.1335   64.8718    0.000095       6.3
  B_reward_efficient     250  queue_aware   3484   178  110.9720    0.0560  0.0000  -67.5565       n/a   43.4721   66.9328    0.000098       1.1
  B_reward_efficient     500  conservative  3484   178  208.0328    0.0000  0.0000  -38.7377       n/a  169.2944  260.6581    0.000191       0.8
  B_reward_efficient     500  optimistic    3484   178  201.4058   70.7000  0.0000 -202.4000       n/a   69.7042  107.3217    0.000079       7.6
  B_reward_efficient     500  queue_aware   3484   178  207.0051    0.0560  0.0000 -107.9047       n/a   99.1557  152.6674    0.000112       0.9
  C_conservative          25  conservative  3487   178    6.0168    0.0000  0.0000   -2.5000       n/a    3.5167    5.4146    0.000082       0.9
  C_conservative          25  optimistic    3487   178    6.0049    0.0000  0.0000   -2.5000       n/a    3.5048    5.3962    0.000081       7.2
  C_conservative          25  queue_aware   3487   178    6.0155    0.0000  0.0000   -2.5000       n/a    3.5153    5.4124    0.000082       7.1
  C_conservative          50  conservative  3487   178   12.2304    0.0000  0.0000   -4.4905       n/a    7.7417   11.9197    0.000088       0.9
  C_conservative          50  optimistic    3487   178   12.2058    0.0000  0.0000   -5.1000       n/a    7.1078   10.9437    0.000081       7.2
  C_conservative          50  queue_aware   3487   178   12.2280    0.0000  0.0000   -4.4346       n/a    7.7950   12.0018    0.000089       6.6
  C_conservative         100  conservative  3486   178   24.5835    0.0000  0.0000   -8.0705       n/a   16.5133   25.4251    0.000093       0.8
  C_conservative         100  optimistic    3486   178   24.5317    0.0000  0.0000  -10.3000       n/a   14.2320   21.9126    0.000080       7.3
  C_conservative         100  queue_aware   3486   178   24.5798    0.0000  0.0000   -8.3326       n/a   16.2475   25.0158    0.000092       6.4
  C_conservative         250  conservative  3486   178   59.7379    0.0000  0.0000  -12.7795       n/a   46.9617   72.3057    0.000106       0.5
  C_conservative         250  optimistic    3486   178   59.6074    0.0000  0.0000  -25.7000       n/a   33.9108   52.2116    0.000077       7.6
  C_conservative         250  queue_aware   3486   178   59.7353    0.0000  0.0000  -15.4697       n/a   44.2689   68.1596    0.000100       5.8
  C_conservative         500  conservative  3486   178  113.9755    0.0000  0.0000  -12.7795       n/a  101.1969  155.8102    0.000114       0.5
  C_conservative         500  optimistic    3486   178  113.7635    0.0000  0.0000  -51.5000       n/a   62.2642   95.8665    0.000070       8.3
  C_conservative         500  queue_aware   3486   178  113.9715    0.0000  0.0000  -12.9034       n/a  101.0690  155.6132    0.000114       5.1

================================================================================================
4. FILLS — outcome mix, P(both | one), lag, single-leg marks (last 1 days)  [Q4/Q5]
================================================================================================
  optimistic    mix: both_filled=140, neither_filled=50972, no_only=750, yes_only=435 | P(both|one)=0.106 n=1325 | lag mean=477.5s median=434.6s
  conservative  mix: neither_filled=52037, no_only=86, partial_no=104, partial_yes=50, yes_only=20 | P(both|one)=0.000 n=260 | lag mean=n/as median=n/as
  queue_aware   mix: neither_filled=51892, no_only=192, partial_both=10, partial_no=98, partial_yes=58, yes_only=47 | P(both|one)=0.000 n=405 | lag mean=16.7s median=16.7s
  model          horizon s      n  mean@bid $ worst@bid $  mean@mid $
  conservative           1    270     -3.6802    -90.0000     -1.7655
  conservative           5    270     -1.1170    -20.0000     -0.5480
  conservative          30    270     -0.7395    -10.0000     -0.4056
  conservative          60    270     -0.7841    -10.0000     -0.4255
  conservative         300    260     -0.9145    -10.0000     -0.5478
  optimistic             1   1580     -1.2636   -227.2500      0.3065
  optimistic             5   1580     -0.5683    -50.5000      0.6038
  optimistic            30   1580     -0.4412    -25.2500      0.6357
  optimistic            60   1580     -0.5064    -35.7000      0.5810
  optimistic           300   1570     -0.4892    -25.2500      0.5172
  queue_aware            1    445     -3.4606   -225.0000     -1.5669
  queue_aware            5    445     -1.2837    -50.5000     -0.5343
  queue_aware           30    445     -0.5526    -25.0000     -0.1576
  queue_aware           60    445     -0.7116    -25.0000     -0.2557
  queue_aware          300    435     -0.9684    -25.0000     -0.4747
  single-leg outcomes by competing depth at placement (conservative)  [Q6]
    deep           n=250    mean single-leg MTM=-1.1026  mean est reward=0.0610
    medium         n=10     mean single-leg MTM=0.0000  mean est reward=0.0572

================================================================================================
5. RANKING — active programs, policy=A_break_even tier=$100, conservative outcomes over 3h  [Q2/Q6]
   read-only. Components printed beside the state; no state submits anything.
================================================================================================
  ticker                              rwd/d target  disc ybid nbid   ydep   ndep both       quote    cap$  edge  share   rew/d  pair/d    sl/d  fee/d   net/d    n  state
  KXGREENWOODCONF-26SEP14-MAR01       55.18   1000  5000   78   21  13866  26217    Y   78/21x101   99.99   1.0  0.256 14.1435  0.0000  0.0000 0.0000 14.1332    0  SHADOW
  KXMLBSEASONGAMES-27-1930           500.00   1000  5000   68   31  15097  16611    Y   68/31x101   99.99   1.0  0.045  8.9791  0.0000  0.0000 0.0000  8.9688   11  SHADOW
  KXMLBSEASONGAMES-27-1215           500.00   1000  5000   78   21  26865  22328    Y   78/21x101   99.99   1.0  0.011  4.3728  0.0000  0.0000 0.0000  4.3625   14  WATCH(share)
  KXPJMEMERGENCY-26DEC31-T20          35.71   1000  5000   16   83  18651   6037    Y   16/83x101   99.99   1.0  0.098  3.9118  0.0000  0.0000 0.0000  3.9015    3  SHADOW
  KXPJMEMERGENCY-26DEC31-T15          35.71   1000  5000   39   60   7279   6643    Y   39/60x101   99.99   1.0  0.077  2.9467  0.0000  0.0000 0.0000  2.9364    3  SHADOW
  KXMLBSEASONGAMES-27-600            500.00   1000  5000   82   17  57124  23965    Y   82/17x101   99.99   1.0  0.009  2.7569  0.0000  0.0000 0.0000  2.7466   11  WATCH(share)
  KXMLBPLAYOFFS-26-TEX                35.71   1000  5000   39   58 497924 763734    Y   40/58x102   99.96   2.0  0.099  2.5979  0.0000  0.5460 0.0000  2.0417    4  SHADOW
  KXMLBSEASONGAMES-27-2425           500.00   1000  5000   47   52  29798  48671    Y   47/52x101   99.99   1.0  0.004  1.9912  0.0000  0.0000 0.0000  1.9810   17  WATCH(share)
  KXEPARODENT-26SEP-27JUL01           67.76   1000  5000   49   50  29292  35131    Y   49/50x101   99.99   1.0  0.027  1.9096  0.0000  0.0000 0.0000  1.8993    3  SHADOW
  KXWATECHEMP-27FEB28-T260000         35.71   1000  5000   55   44  42083  39648    Y   55/44x101   99.99   1.0  0.053  1.8823  0.0000  0.0000 0.0000  1.8721    2  SHADOW
  KXMLBPLAYOFFS-26-CWS                35.71   1000  5000   79   201200774   9855    Y   79/20x101   99.99   1.0  0.079  1.8357  0.0000  0.0000 0.0000  1.8254    3  SHADOW
  KXBAA-28JANDELIV-640                35.71   1000  5000   51   48  44588  27137    Y   51/48x101   99.99   1.0  0.064  1.7984  0.0000  0.0000 0.0000  1.7881    5  SHADOW
  KXMLBSEASONGAMES-27-0              500.00   1000  5000   18   81  32429  25790    Y   18/81x101   99.99   1.0  0.007  1.6729  0.0000  0.0000 0.0000  1.6627   16  WATCH(share)
  KXNFLSELLOUT-27BUF-Y                35.71   1000  5000   85   13   6299   6757    Y   85/13x102   99.96   2.0  0.156  1.5873  0.0000  0.0000 0.0000  1.5770    3  SHADOW
  KXBWAYATTENDANCE-27MAY23B-14700000  35.71   1000  5000   31   68  37509  30174    Y   31/68x101   99.99   1.0  0.048  1.5547  0.0000  0.0000 0.0000  1.5444    3  SHADOW
  KXGREENWOODCONF-26SEP14-JUN01       55.18   1000  5000   78   21  16806  15480    Y   78/21x101   99.99   1.0  0.026  1.4402  0.0000  0.0000 0.0000  1.4299    0  SHADOW
  KXEOWEEK-26SEP12-2                  15.94    300  5000    1   98   1324   3758    Y    1/98x101   99.99   1.0  0.088  1.3956  0.0000  0.0000 0.0000  1.3853    0  SHADOW
  KXMLBPLAYOFFS-26-TOR                35.71   1000  5000   22   77  160461075789    Y   22/77x101   99.99   1.0  0.048  1.2827  0.0000  0.0000 0.0000  1.2725    2  SHADOW
  KXNJONTIME-26NOV30-T90              35.71   1000  5000   16   83  14549   6092    Y   16/83x101   99.99   1.0  0.035  1.2641  0.0000  0.0000 0.0000  1.2538    3  SHADOW
  KXWATECHEMP-27FEB28-T255000         35.71   1000  5000   79   20   7603   5866    Y   79/20x101   99.99   1.0  0.035  1.2603  0.0000  0.0000 0.0000  1.2501    2  SHADOW
  KXIREREFCALL-30JAN01-YES            54.85   1000  5000   23   76  33086  36364    Y   23/76x101   99.99   1.0  0.023  1.2409  0.0000  0.0000 0.0000  1.2306    0  SHADOW
  KXNJPHARMAEMP-27APR30-T30300        35.71   1000  5000    8   91  13658   6203    Y    8/91x101   99.99   1.0  0.036  1.1287  0.0000  0.0000 0.0000  1.1185    2  SHADOW
  KXPAMFGEMP-27APR30-T545000          35.71   1000  5000   92    7  80419   5069    Y    92/7x101   99.99   1.0  0.044  1.1163  0.0000  0.0000 0.0000  1.1060    2  SHADOW
  KXNIREFCALL-30JAN01-YES             54.85   1000  5000   23   76  40312  38401    Y   23/76x101   99.99   1.0  0.019  1.0595  0.0000  0.0000 0.0000  1.0492    0  WATCH(share)
  KXBRRATECUT-27JAN01-E5              21.43   1000  5000   32   67   4774  20469    Y   32/67x101   99.99   1.0  0.049  1.0528  0.0000  0.0000 0.0000  1.0425    0  SHADOW
  KXBWAYATTENDANCE-27MAY23B-14000000  35.71   1000  5000   79   20  34537  21108    Y   79/20x101   99.99   1.0  0.029  1.0369  0.0000  0.0000 0.0000  1.0267    3  SHADOW
  KXWAAEROEMP-27APR30-T85000          35.71   1000  5000   48   51  31455  32003    Y   48/51x101   99.99   1.0  0.028  1.0170  0.0000  0.0000 0.0000  1.0067    2  SHADOW
  KXWAAEROEMP-27APR30-T84000          35.71   1000  5000   66   33   8641   7301    Y   66/33x101   99.99   1.0  0.028  0.9933  0.0000  0.0000 0.0000  0.9831    3  SHADOW
  KXCITYCHAMPS-MIA30JUL01HDMP-1       35.71   1000  5000   44   55  29799  25162    Y   44/55x101   99.99   1.0  0.035  0.9930  0.0000  0.0000 0.0000  0.9828    1  SHADOW
  KXBWAYATTENDANCE-27MAY23B-14250000  35.71   1000  5000   69   30   8625   8522    Y   69/30x101   99.99   1.0  0.027  0.9806  0.0000  0.0000 0.0000  0.9703    2  SHADOW
  KXNETFLIXSTUDIO-PHASE1B-28DEC21     35.71   1000  5000   73   26   6931  11543    Y   73/26x101   99.99   1.0  0.024  0.9695  0.0000  0.0000 0.0000  0.9593    3  SHADOW
  KXBWAYATTENDANCE-27MAY23B-14600000  35.71   1000  5000   37   62  35530  30784    Y   37/62x101   99.99   1.0  0.026  0.9682  0.0000  0.0000 0.0000  0.9579    2  SHADOW
  KXMLBTEAMSALE-27JANLAD-Y            35.71   1000  5000    9   90   6862  28999    Y    9/90x101   99.99   1.0  0.028  0.9276  0.0000  0.0000 0.0000  0.9173   11  SHADOW
  KXBWAYATTENDANCE-27MAY23B-14500000  35.71   1000  5000   48   51  32380  29769    Y   48/51x101   99.99   1.0  0.028  0.9260  0.0000  0.0000 0.0000  0.9157    8  SHADOW
  KXCAHPIYOY-27FEB23-T419.85          35.71   1000  5000   19   80  20360   7518    Y   19/80x101   99.99   1.0  0.027  0.9111  0.0000  0.0000 0.0000  0.9008    3  SHADOW
  KXRAINDNYC-260919-0                 59.63   1000  5000    6   93  15820  30823    Y    6/93x101   99.99   1.0  0.023  0.9105  0.0000  0.0000 0.0000  0.9002    2  SHADOW
  KXWALESREFCALL-30JAN01-YES          54.85   1000  5000   17   82  15642  34577    Y   17/82x101   99.99   1.0  0.016  0.8977  0.0000  0.0000 0.0000  0.8874    0  WATCH(share)
  KXILNUCLEAR-27FEB28-T97.5           35.71   1000  5000   43   56  35592  41794    Y   43/56x101   99.99   1.0  0.025  0.8789  0.0000  0.0000 0.0000  0.8686    3  SHADOW
  KXBWAYATTENDANCE-27MAY23B-14800000  35.71   1000  5000   18   81  35824  32979    Y   18/81x101   99.99   1.0  0.023  0.8759  0.0000  0.0000 0.0000  0.8656    2  SHADOW
  KXBRRATECUT-27JAN01-E6              21.43   1000  5000   31   68   9810  16223    Y   31/68x101   99.99   1.0  0.041  0.8679  0.0000  0.0000 0.0000  0.8576    0  SHADOW
  KXWAAEROEMP-27APR30-T83000          35.71   1000  5000   81   18  32761  19078    Y   81/18x101   99.99   1.0  0.024  0.8648  0.0000  0.0000 0.0000  0.8545    3  SHADOW
  KXPAMFGEMP-27APR30-T555000          35.71   1000  5000   58   41  35964  30118    Y   58/41x101   99.99   1.0  0.024  0.8611  0.0000  0.0000 0.0000  0.8508    2  SHADOW
  KXPADATACENTERS-26DEC31-T195        35.71   1000  5000   43   56  12539   8832    Y   43/56x101   99.99   1.0  0.023  0.8593  0.0000  0.0000 0.0000  0.8491    3  SHADOW
  KXCAFAIRPLAN-26NOV16-T710000        35.71   1000  5000   29   70  17435   7352    Y   29/70x101   99.99   1.0  0.024  0.8582  0.0000  0.0000 0.0000  0.8480    3  SHADOW
  KXWALLSTBONUS-27MAR31-T300000       35.71   1000  5000   18   81  37803  33221    Y   18/81x101   99.99   1.0  0.022  0.8409  0.0000  0.0000 0.0000  0.8307    3  SHADOW
  KXWATECHEMP-27FEB28-T265000         35.71   1000  5000   18   81  41560  32199    Y   18/81x101   99.99   1.0  0.024  0.8381  0.0000  0.0000 0.0000  0.8278   12  SHADOW
  KXBWAYATTENDANCE-27MAY23B-13750000  35.71   1000  5000   83   16  28816  10561    Y   83/16x101   99.99   1.0  0.022  0.8189  0.0000  0.0000 0.0000  0.8086    5  SHADOW
  KXBRRATECUT-27JAN01-T7              21.43   1000  5000   33   66  11132  14046    Y   33/66x101   99.99   1.0  0.038  0.8049  0.0000  0.0000 0.0000  0.7946    0  SHADOW
  KXPADATACENTERS-26DEC31-T200        35.71   1000  5000   37   62  10697   8766    Y   37/62x101   99.99   1.0  0.021  0.8033  0.0000  0.0000 0.0000  0.7930    2  SHADOW
  KXNETFLIXSTUDIO-PHASE1A-27SEP23     35.71   1000  5000   78   21   7100  12676    Y   78/21x101   99.99   1.0  0.023  0.7954  0.0000  0.0000 0.0000  0.7851    3  SHADOW
  KXPADATACENTERS-26DEC31-T190        35.71   1000  5000   53   46   8986  11981    Y   53/46x101   99.99   1.0  0.021  0.7695  0.0000  0.0000 0.0000  0.7592    3  SHADOW
  KXNYNJPORTTEU-27FEB28-T8.7          35.71   1000  5000   71   28  31223  29441    Y   71/28x101   99.99   1.0  0.024  0.7588  0.0000  0.0000 0.0000  0.7486   18  SHADOW
  KXNYCASKRENT-27JAN31-T3900          35.71   1000  5000   75   24  13515   7502    Y   75/24x101   99.99   1.0  0.021  0.7462  0.0000  0.0000 0.0000  0.7359    2  SHADOW
  KXNFLSTADIUM-28SEP01EVERBRENO-Y     35.71   1000  5000   43   56  31831  28472    Y   43/56x101   99.99   1.0  0.025  0.7255  0.0000  0.0000 0.0000  0.7152    8  SHADOW
  KXMANOFFVAC-27JAN31-T18.0           35.71   1000  5000   51   48  13577   8340    Y   51/48x101   99.99   1.0  0.020  0.7167  0.0000  0.0000 0.0000  0.7065    3  SHADOW
  KXMLBPLAYOFFS-26-SD                 35.71   1000  5000   93    61150911  16745    Y    93/6x101   99.99   1.0  0.026  0.7148  0.0000  0.0000 0.0000  0.7045    9  SHADOW
  KXNYCASKRENT-27JAN31-T4000          35.71   1000  5000   41   58  12198  15025    Y   41/58x101   99.99   1.0  0.020  0.7103  0.0000  0.0000 0.0000  0.7000    2  WATCH(share)
  KXFLVISITORCOUNT-27FEB26-T142       35.71   1000  5000   54   45  13510  10875    Y   54/45x101   99.99   1.0  0.020  0.7050  0.0000  0.0000 0.0000  0.6947    3  WATCH(share)
  KXTXOIL-27MAR31-T5.8                35.71   1000  5000   42   57  35965  32072    Y   42/57x101   99.99   1.0  0.019  0.6918  0.0000  0.0000 0.0000  0.6815    3  WATCH(share)
  KXLOCALLAW-ILPOWER-27MAY01          35.71   1000  5000   70   29  32103  33741    Y   70/29x101   99.99   1.0  0.020  0.6864  0.0000  0.0000 0.0000  0.6761    2  SHADOW
  KXBAA-28JANDELIV-620                35.71   1000  5000   78   21  43963  40227    Y   78/21x101   99.99   1.0  0.017  0.6861  0.0000  0.0000 0.0000  0.6758    2  WATCH(share)
  KXBWAYATTENDANCE-27MAY23B-13500000  35.71   1000  5000   89   10  34045  14410    Y   89/10x101   99.99   1.0  0.017  0.6575  0.0000  0.0000 0.0000  0.6473    3  WATCH(share)
  KXPADATACENTERS-26DEC31-T185        35.71   1000  5000   66   33  32693  36831    Y   66/33x101   99.99   1.0  0.018  0.6435  0.0000  0.0000 0.0000  0.6332    2  WATCH(share)
  KXNYNJPORTTEU-27FEB28-T8.8          35.71   1000  5000   61   38   9221  16478    Y   61/38x101   99.99   1.0  0.016  0.6407  0.0000  0.0000 0.0000  0.6304    3  WATCH(share)
  KXPADATACENTERS-26DEC31-T205        35.71   1000  5000   27   72  13814  12557    Y   27/72x101   99.99   1.0  0.017  0.6407  0.0000  0.0000 0.0000  0.6304    2  WATCH(share)
  KXCAHSR-26AUG-27JAN01               35.71   1000  5000   60   39  34822  35927    Y   60/39x101   99.99   1.0  0.021  0.6398  0.0000  0.0000 0.0000  0.6295    5  SHADOW
  KXPAGAS-27FEB26-T7.675792           35.71   1000  5000   62   37  12979  12377    Y   62/37x101   99.99   1.0  0.017  0.6338  0.0000  0.0000 0.0000  0.6235    3  WATCH(share)
  KXBAA-28JANDELIV-660                35.71   1000  5000   14   85  13438  18400    Y   14/85x101   99.99   1.0  0.016  0.6143  0.0000  0.0000 0.0000  0.6040   17  WATCH(share)
  KXNYNJPORTTEU-27FEB28-T9.1          35.71   1000  5000   12   87  18387  29768    Y   12/87x101   99.99   1.0  0.016  0.6121  0.0000  0.0000 0.0000  0.6019    2  WATCH(share)
  KXWALLSTBONUS-27MAR31-T275000       35.71   1000  5000   44   55  37174  37305    Y   44/55x101   99.99   1.0  0.017  0.6023  0.0000  0.0000 0.0000  0.5920    1  WATCH(share)
  KXBAA-28JANDELIV-600                35.71   1000  5000   90    9  42196  15395    Y    90/9x101   99.99   1.0  0.013  0.5963  0.0000  0.0000 0.0000  0.5861    2  WATCH(share)
  KXPAMFGEMP-27APR30-T560000          35.71   1000  5000   15   84  15447  35154    Y   15/84x101   99.99   1.0  0.016  0.5830  0.0000  0.0000 0.0000  0.5727    3  WATCH(share)
  KXCITYCHAMPS-MIA30JUL01HDMP-2       35.71   1000  5000   11   84  14087  32388    Y   11/84x105   99.75   5.0  0.021  0.5711  0.0000  0.0000 0.0000  0.5608   16  SHADOW
  KXNYNJPORTTEU-27FEB28-T8.6          35.71   1000  5000   82   17  37907  15202    Y   82/17x101   99.99   1.0  0.015  0.5673  0.0000  0.0000 0.0000  0.5571    3  WATCH(share)
  KXCABUILDPERMITS-27JAN27-T115000    35.71   1000  5000   24   75  12239  13491    Y   24/75x101   99.99   1.0  0.016  0.5622  0.0000  0.0000 0.0000  0.5519    2  WATCH(share)
  KXILNUCLEAR-27FEB28-T95.0           35.71   1000  5000   85   14  11925  14096    Y   85/14x101   99.99   1.0  0.018  0.5573  0.0000  0.0000 0.0000  0.5471   11  WATCH(share)
  KXWATECHEMP-27FEB28-T250000         35.71   1000  5000   89   10  31984   7110    Y   89/10x101   99.99   1.0  0.015  0.5413  0.0000  0.0000 0.0000  0.5311    2  WATCH(share)
  KXWAAEROEMP-27APR30-T86000          35.71   1000  5000   27   72  26403  41814    Y   27/72x101   99.99   1.0  0.015  0.5404  0.0000  0.0000 0.0000  0.5301    2  WATCH(share)
  KXFLVISITORCOUNT-27FEB26-T144       35.71   1000  5000   17   82  12964  14983    Y   17/82x101   99.99   1.0  0.014  0.5178  0.0000  0.0000 0.0000  0.5075    2  WATCH(share)
  KXNYCSUBWAY-26OCT31-A4300000        35.71   1000  5000   61   38  11187  13420    Y   61/38x101   99.99   1.0  0.014  0.5024  0.0000  0.0000 0.0000  0.4921    3  WATCH(share)
  ... 3841 more
