# ops request [READ]
# type=db  id=scorecard-splitkey-4
# code 2225d7ada52307ea069e169af7c116951564478a · started 2026-09-07T22:36:40Z
r                                 
----------------------------------
S KXTRUMPSAYCOMPANY 58 12 2 0 12 0
S KXFEDMENTION 159 27 1 0 27 1    
S KXWCATTEND 83 12 1 1 12 2       
S KXWCFIRSTSONG 27 5 1 0 5 0      
S KXTRUMPSAYMONTH 117 18 2 2 18 3 
S KXRAIN 1111 221 27 1 221 18     
S KXWCMENTION 758 331 19 4 331 62 
S KXTRUMPSAY 916 107 9 1 107 6    
M 517 119 1                       
M 1 1 28                          
M 14 2 2                          
M 7 2 3                           
M 5 4 1                           
M 313 68 1                        
M 6 2 3                           
M 14 3 3                          
M 29 10 1                         
M 18 6 1                          
M 75 18 1                         
M 72 16 1                         
M 41 7 1                          
M 28 5 1                          
M 17 8 1                          
M 23 3 1                          
M 16 4 1                          
M 28 11 1                         
M 58 7 1                          
M 4 1 3                           
M 22 5 1                          
M 7 0 3                           
M 17 1 1                          
M 13 5 1                          
M 37 6 1                          
M 41 10 1                         
M 3 0 25                          
M 107 6 1                         
M 56 10 1                         
M 63 15 1                         
M 19 8 1                          
M 7 1 5                           
M 4 2 2                           
M 10 2 4                          
M 3 1 13                          
M 637 131 1                       
M 23 7 1                          
M 14 5 1                          
M 9 3 1                           
M 19 5 2                          
M 12 2 3                          
M 63 18 1                         
M 17 3 2                          
M 21 3 1                          
M 14 4 1                          
M 436 116 1                       
M 44 20 1                         
M 38 17 1                         
M 15 2 2                          
M 31 2 1                          
M 82 19 1                         
M 8 2 1                           
M 48 10 1                         
M 34 5 1                          
M 6 0 11                          
M 33 7 1                          
M 48 7 1                          
M 61 13 1                         
M 646 177 1                       
M 12 1 3                          
M 19 6 3                          
M 9 0 3                           
M 63 12 1                         
M 9 2 5                           
M 53 12 1                         
M 41 18 1                         
M 34 9 1                          
M 15 3 2                          
M 36 9 1                          
M 19 4 1                          
M 20 2 1                          
M 17 0 1                          
M 10 0 1                          
M 8 3 2                           
M 26 5 1                          
M 1 0 158                         
M 369 83 1                        
M 58 16 1                         
M 51 10 1                         
M 27 1 1                          
M 26 6 1                          
M 4 3 1                           
M 43 7 1                          
M 50 5 1                          
M 10 3 2                          
M 21 1 1                          
M 88 27 1                         
M 31 8 1                          
M 18 3 1                          
M 9 1 5                           
M 5 2 3                           
M 11 1 1                          
M 12 0 2                          
M 5 1 8                           
M 17 5 3                          
M 3 2 4                           
M 13 4 2                          
M 10 1 5                          
M 13 6 1                          
M 19 3 1                          
M 94 18 1                         
M 5 3 1                           
M 20 4 1                          
M 11 3 1                          
M 5 0 8                           
M 13 0 2                          
M 11 2 1                          
M 331 62 1                        
M 36 13 1                         
M 15 1 1                          
M 35 15 1                         
M 27 4 1                          
M 19 9 2                          
M 23 5 1                          
M 28 1 1                          
M 22 4 1                          
M 24 2 1                          
M 21 5 2                          
M 2 0 49                          
M 134 21 1                        
M 105 32 1                        
M 93 12 1                         
M 27 10 1                         
M 11 0 3                          
M 11 4 1                          
M 39 7 1                          
M 302 76 1                        
M 8 0 5                           
M 10 5 1                          
M 32 7 1                          
M 221 18 1                        
M 2 1 16                          
M 17 2 4                          
M 6 1 4                           
M 13 1 3                          
M 520 137 1                       
M 13 7 1                          
M 8 1 2                           
M 33 9 1                          
M 360 106 1                       
M 15 4 1                          
M 38 5 1                          
M 13 2 1                          
M 16 2 2                          
M 129 22 1                        
M 4 0 13                          
M 26 7 1                          
T 539 76329 8988 9659             

(156 rows)
